``````
````````
~!@
!@#$%^
......
........
$$$$
******
********
*********
++++++
000
0.0.0.
000...
0000
0.0.0.0.
0000....
00000
000000
000000  
0000000
0000000.
00000000
000000000
0000000000
00000000000
000000000000
0000000000000000
00000000000000000000
00000000a
00000001
0000000a
0000001
00000011
000000123
000000a
000000aa
000000aaa
000000qq
000001
000007
00001107
00001111
00001234
00008888
00009999
0000OOOO
000111
000111222
000123
000123456
000218
000333
000520
000666
000723
000789
000888
000999
001001
001001001
001002
001002003
00107896
001100
001119
001122
00112233
001218
001224
001225
001234
00123456
001280
0054444944
006789
007
007007
007007007
007008
007008009
008008
008008008
008300
009009
010010
0101001
010101
01010101
010203
01020304
0102030405
011104
0121314
012210
01230123
01233210
012345
0123456
0.123456
01234567
012345678
0123456789
0.123456789
0133689
013579
0147258369
0147896325
020202
02020202
023023
0243218
02610471
030303
030809
033883
0340412124abcd
04020323
040622
04230423
048282512
050505
0532
05413330
054821054821
0564335
059336
05962514787
060405
060606
070707
07231564
07753779459
080808
08080808
081125
083901
08980898
089823368
090909
09090909
091833
09308066
0932313
098098
098765
09876543
0987654321
098plmokm
098poi
0O0O0O0O
0okm0okm
100
10000
100000
10000000
100001
10002000
1001
10010
100100
100100100
10011001
1002
10020
100200
100200100
100200100200
100200300
10086
100861
1008610086
1008611
100866
100900
101
1010
101001
10101
101010
1010101
10101010
1010101010
1010110
10101313
101101
101101101
101112
101202
10121012
1013
1018
10181018
1020
10201020
10203
102030
102030102030
10203040
102030405
1020304050
10203040506
1.0203E+11
1020516
1021
102102
102102102
10221022
102249
10231023
1024
10241024
1025
10251025
102578
10261026
102800
102938
10293847
1029384756
103103
103636
105105
1060313
106106
108108
108108108
109109
110
1100
110011
11001100
11002958
11011
110110
11011011
110110110
110110110110
110112
110112119
110119
110119110
110119110119
110119120
11012
110120
11012011
110120110
110120119
110120130
110220
110220330
110520
1106
11081108
111
111000
1111
11110000
11111
111110
111111
1111111
11111111
111111111
1111111111
11111111111
111111111111
1111111111111111
11111111111111111111
111111112
11111111a
11111111q
11111112
111111121
1111111a
1111111q
1111112
11111122
111111a
111111aa
111111aaa
1.11111E+11
111111_l
111111q
111111qq
111111xxx
111112
1111122222
111113
111116
11112222
111123
11118888
11119999
1111AAAA
1111qqqq
111213
11121314
11122
111222
111222333
111222tianya
111223
11123456
111333
111444
111666
111777
111888
111999
111aaa
111qqq
112
1120
11201120
1121
11211121
112112
112112112
112113
1122
112200
112211
11221122
11223
112233
11223300
112233112233
112233123
1122334
11223344
112233445
1122334455
112233445566
112233aa
1.12233E+11
112233qq
11223456
112244abc
1123
112300
11231123
112358
112358112358
11235813
1123581321
112358132134
1124
11241124
1125
112500
11259375
1126
1128
112800
113113
113113113
113355
114114
114114114
114477
114699
115115
1155665
115569
115599
116116
1161982
116688
1168083681
117117
117117117
118118
118118118
118720
119
119110
119119
119119119
119911
11qqaazz
120
12012
120120
120120120
121
121000
121121
121121121
1212
12121
121212
1212121
12121212
1212121212
1212123
1212465
12131213
121314
12131415
1213141516
1214
12151215
12152205
1215225
121800
12191219
122
1221
122101544
12211221
122122
1223
12231223
122333
1223334444
1225
122500
12251225
122600
123
?????123
1-2-3-
123!@
123...
1230
12300
123000
12300000
123000000
123000123
12300123
123012
1230123
12301230
12301230123
1230321
1230456
1230456789
123098
1231
123100
123110
123111
12311231
12312
123123
123.123
123.123.
123123..
1231230
12312300
123123000
1231231
12312311
12312312
123123123
1231231230
123123123123
123123123a
123123321
1231234
12312345
123123456
123123a
123123aa
123123aaa
123123abc
123123asd
1.23123E+11
123123qq
123123qwe
123147
12315
123150
1231512315
123156
123159
12321
1232123
123258
1233
12332
123321
1233210
12332100
123321000
12332111
12332112
123321123
123321123321
1233211234567
12332145
123321456
123321456654
123321a
123321aa
123321abc
1.23321E+11
1.23321E+12
123321qq
123333
123342
123357
123369
1234
1234!@
123400
12340000
1234123
12341233
12341234
12342234
1234321
12344321
12345
123450
1234509876
123451
12345123
1234512345
1234520
123454321
123455
1234554321
123456
*123456
123.456
123456!@
123456.
123456..
123456...
123456@
123456*
123456**
123456++
1234560
123456.0
1234560.
12345600
123456000
1234560123
1234561
12345611
12345612
123456123
123456123456
123456321
123456456
1234565
123456520
12345654321
1234566
123456654
123456654321
12345666
123456678
1234567
`1234567
12345670
12345671
12345677
12345677654321
12345678
12345678.
12345678@
123456780
123456781
123456788
123456789
123456789!
123456789.
123456789@
123456789*
123456789+
1234567890
1234567890-=
1234567890.
12345678900
123456789000
1234567890123
1234567890a
1234567891
12345678910
12345678912
123456789123
123456789123456789
1234567899
123456789987
123456789987654321
123456789a
123456789A
123456789aa
123456789aaa
123456789abc
123456789asd
123456789l
123456789m
123456789o
123456789q
123456789qaz
123456789qq
123456789qwe
123456789s
123456789w
123456789x
123456789yt
123456789z
12345678a
12345678A
12345678A@
12345678aA
12345678abc
12345678Q
12345678w
12345678z
12345679
123456798
1234567a
1234567abc
1234567b
1234567k
1234567q
1234567z
1234568
12345687
12345688
123456888
12345689
1234569
12345698
123456987
12345699
123456a
123456aa
123456aaa
123456ab
123456abc
123456abcd
123456abcdef
123456as
123456asd
123456asdf
123456az
123456b
123456bb
123456c
123456C
123456cc
123456dd
1.23456E+11
123456jj
123456kk
123456l
123456L
123456li
123456liu
123456ll
123456m
123456M
123456mm
123456ok
123456p
123456pp
123456q
123456Q
123456qaz
123456qq
123456qqq
123456qw
123456qwe
123456QWE
123456qwer
123456qwerty
123456s
123456sa
123456ss
123456TT
123456w
123456wang
123456ww
123456x
123456xx
123456xyz
123456y
123456yu
123456yy
123456z
123456zx
123456zxc
123456zz
123456ZZZ
123457
12345789
1.23457E+11
1.23457E+12
1.23457E+13
1.23457E+14
1.23457E+15
1.23457E+17
123458
123459
12345a
12345abc
12345ABC
12345abcde
12345asdfg
12345qaz
12345qwe
12345qwert
12345ssdlh
12346
123465
12346789
123478
12348765
1234aaaa
1234abcd
1234asdf
1234qwer
1234rewq
1234zxcv
1235
12352
123520
123521
123546
123555
12356
123567
12356789
12358
123580
1235813
123581321
12365
123654
12365400
12365412
123654123
123654123654
12365478
123654789
1236547890
123654987
123666
12369
123698
1236987
12369874
123698741
123698745
12378
123789
1237890o0
123789123
123789456
123789abc
123888
123890
123963
123987
123a123
123aaa
123AAA
123AB
123abc
123abc123
123abc456
123abcabc
123abcde
123asd
123ASD
123asd123
123mutouren
123qaz
123qazwsx
123qqq
123qw
123qwe
123qwe!@
123qwe123
123qwe123QWE
123qwe456
123qweasd
123QWEASD
123qweasdzxc
123qweqwe
123QWERT
123woaini
123zxc
123zxc123
124124
124578
124578369
124578963
12481632
125
125125
125125125
125521
125800
12593000
126126
126126126
@126.com
127127
127127127
128128
129129
12qwas
12qwaszx
130130
130130130
130582
1305821983
13093313856
131
131131
1313
131312
131313
13131313
1314
131400
13141314
131415
13141516
1314159
131415926
131417
1314179
13142
131420
131420131420
131421
131421131421
131425
1314258
13143344
1314512
131452
1314520
1314520.
13145200
131452000
13145201
1314520123
13145201314
13145201314520
131452052
1314520520
1314520a
1314520qq
1314521
13145210
13145211
13145211314521
1314521521
1.31452E+11
1.31452E+12
1.31452E+13
131488
1314920
1314921
1314925
13149286ab
1314aini
1314woaini
132132
132132132
13243546
132456
13245678
132465
132465798
133133
133133133
13324016206
134679
134679258
134679852
1346798520
1350713667
135135
135135135
135246
135246789
135521234
135565
13572468
135781012
13579
135790
13579000
135791
1357913579
13579246
135792468
1357924680
13579246810
135799
13610366977
136136
13637067546
13654006821
13677496724
13709394
13789801971
1380013800
13800138000
13801001020
138138
138138138
138168
13863855320
13869746303
139019
139139
139139139
1392010
13baozi
141242
141414
14141414
141421
141592
1415926
14159265
1415926535
142536
142536789
142857
142857142857
143798
1457521
147
147147
147147147
14725
147258
14725836
147258369
1472583690
14725836900
147258369a
147369
147369258
147741
14785
147852
1478520
14785236
147852369
147852963
14789
147896
1478963
14789632
147896321
147896325
147963
149162536
1492bvst8173
151515
15151515
153624
155680
1564335
158158
158158158
159
159123
159159
159159159
159191122
159258357
159263
15935
159357
15935700
159357123
159357159357
159357258
159357456
159456
159632
1596321
15975
159753
15975300
159753123
159753159753
159753456
1598753
159951
159951159
160160
161222
161616
16161616
161718
162534
163163
163163163
@163.com
163.com
167669123
168000
168168
168168168
168618
16881688
168861
168888
16888888
16897168
16899168
16899199
168998
168999
169169
17051974
1708
1709
171717
17171717
171819
173173
17544
175638080
176219444
178178
178678789
181818
18181818
18273645
182838
18411949
184816
187222455
188188
188452
1887415157
191117
191919
19191919
191954
192837
19283746
192837465
194910
19491001
1949101
19520612
1956516
1970511
1971
197228
19740302
19741130
19741976
197511
197611
1976928
19770101
19771027
197711
19771105
197712
19780312
197810
19781010
19781015
19781021
19781028
197811
19781121
19781122
19781123
19781128
197812
19781212
19781218
19781224
19781226
197813
19781978
197832
197878
1979
197900
19790630
19790909
197910
19791001
19791010
19791025
19791026
19791028
19791030
197911
19791101
19791102
19791111
19791119
19791123
19791127
197912
19791214
19791220
19791224
19791228
19791979
197938
198
1980
198000
19800101
19800619
198010
19801001
19801003
19801005
19801007
19801008
19801010
19801011
19801012
19801013
19801014
19801015
19801016
19801017
19801018
19801019
19801020
19801021
19801023
19801024
19801025
19801026
19801027
19801028
19801029
198011
19801103
19801106
19801107
19801110
19801111
19801112
19801116
19801117
19801118
19801119
19801120
19801121
19801122
19801123
19801124
19801125
19801126
19801128
19801129
19801130
198012
19801201
19801206
19801207
19801208
19801210
19801211
19801212
19801213
19801214
19801215
19801216
19801217
19801219
19801220
19801221
19801223
19801225
19801226
19801228
19801230
19801980
198019803014166
1980322
198082
1981
198100
19810101
19810201
19810202
19810214
19810217
19810312
19810323
19810325
19810505
19810521
19810609
19810610
19810628
19810801
19810808
19810812
19810823
19810824
19810828
19810901
19810902
19810909
19810912
19810914
19810916
19810918
19810919
19810920
19810923
19810924
19810925
19810926
19810927
19810928
19810929
198110
19811001
19811002
19811003
19811005
19811006
19811007
19811008
19811009
19811010
19811011
19811012
19811013
19811014
19811015
19811016
19811017
19811018
19811019
19811020
19811021
19811022
19811023
19811024
19811025
19811026
19811027
19811028
19811029
19811030
19811031
1981104
198111
19811101
19811102
19811103
19811104
19811105
19811106
19811107
19811108
19811109
19811110
19811111
19811112
19811114
19811115
19811116
19811117
19811120
19811121
19811122
19811123
19811124
19811125
19811126
19811127
19811128
19811129
19811130
198112
19811201
19811202
19811203
19811204
19811205
19811206
19811207
19811208
19811209
19811210
19811211
19811212
19811213
19811214
19811215
19811216
19811217
19811218
19811219
19811220
19811221
19811222
19811223
19811224
19811225
19811226
19811227
19811228
19811229
19811230
19811231
198118
19811981
198121
198122
198123
198177
198181
1981811
198188
198198
198198198
198199
1982
198200
19820101
19820102
19820103
19820104
19820105
19820106
19820107
19820108
19820109
19820110
19820113
19820114
19820115
19820116
19820117
19820118
19820119
19820120
19820121
19820123
19820124
19820125
19820126
19820127
19820128
19820129
19820201
19820202
19820203
19820204
19820205
19820206
19820208
19820209
19820210
19820211
19820212
19820213
19820214
19820215
19820216
19820217
19820218
19820219
19820221
19820222
19820226
19820227
19820228
198203
19820301
19820302
19820303
19820304
19820305
19820306
19820307
19820308
19820309
19820312
19820313
19820314
19820315
19820316
19820318
19820319
19820320
19820322
19820323
19820325
19820327
19820328
19820401
19820402
19820403
19820405
19820406
19820407
19820408
19820409
19820410
19820412
19820413
19820414
19820415
19820416
19820417
19820418
19820419
19820420
19820421
19820422
19820423
19820424
19820425
19820426
19820427
19820428
19820501
19820502
19820504
19820506
19820512
19820514
19820516
19820518
19820519
19820520
19820521
19820523
19820524
19820525
19820526
19820527
19820528
19820529
19820601
19820603
19820606
19820610
19820611
19820612
19820614
19820615
19820617
19820618
19820619
19820620
19820621
19820622
19820623
19820624
19820625
19820626
19820627
19820628
19820701
19820703
19820705
19820707
19820708
19820709
19820710
19820711
19820712
19820713
19820714
19820715
19820716
19820719
19820720
19820721
19820722
19820723
19820725
19820726
19820728
19820801
19820802
19820805
19820807
19820808
19820809
19820810
19820811
19820812
19820813
19820814
19820815
19820816
19820817
19820818
19820820
19820821
19820822
19820823
19820824
19820825
19820826
19820827
19820828
19820829
19820830
19820901
19820902
19820903
19820904
19820905
19820906
19820907
19820908
19820909
19820910
19820911
19820912
19820913
19820914
19820915
19820916
19820917
19820918
19820919
19820920
19820921
19820922
19820923
19820924
19820925
19820926
19820927
19820928
19820929
19820930
198210
19821001
19821002
19821003
19821004
19821005
19821006
19821007
19821008
19821009
19821010
19821011
19821012
19821013
19821014
19821015
19821016
19821017
19821018
19821019
19821020
19821021
19821022
19821023
19821024
19821025
19821026
19821027
19821028
19821029
19821030
19821031
198211
19821101
19821102
19821103
19821104
19821105
19821106
19821107
19821108
19821109
19821110
19821111
19821112
19821113
19821114
19821115
19821116
19821117
19821118
19821119
19821120
19821121
19821122
19821123
19821124
19821125
19821126
19821127
19821128
19821129
19821130
198212
19821201
19821202
19821203
19821204
19821205
19821206
19821207
19821208
19821209
19821210
19821211
19821212
19821213
19821214
19821215
19821216
19821217
19821218
19821219
19821220
19821221
19821222
19821223
19821224
19821225
19821226
19821227
19821228
19821229
1982123
19821230
19821231
198213
198214
198215
198216
198218
198219
19821982
198221
198222
198223
198224
198225
198228
198231
198233
198241
198254
198261
198262
198266
198271
198277
198281
198282
198283
198288
198289
198291
198292
198298
198299
1983
198300
19830101
19830102
19830103
19830104
19830105
19830106
19830108
19830109
19830110
19830111
19830112
19830113
19830114
19830115
19830116
19830117
19830120
19830121
19830123
19830124
19830125
19830126
19830127
19830128
19830129
19830130
19830201
19830202
19830203
19830204
19830205
19830206
19830207
19830208
19830209
19830210
19830211
19830212
19830213
19830214
19830215
19830216
19830217
19830218
19830219
19830220
19830222
19830223
19830224
19830225
19830226
19830227
19830228
19830301
19830302
19830303
19830305
19830306
19830307
19830308
19830309
19830310
19830311
19830312
19830313
19830315
19830316
19830317
19830318
19830320
19830323
19830324
19830325
19830326
19830327
19830328
19830329
19830330
19830402
19830403
19830404
19830405
19830406
19830407
19830408
19830411
19830412
19830414
19830417
19830418
19830421
19830422
19830423
19830425
19830427
19830429
19830501
19830503
19830504
19830505
19830506
19830507
19830508
19830510
19830512
19830513
19830514
19830515
19830520
19830521
19830522
19830524
19830525
19830526
19830527
19830528
19830601
19830602
19830603
19830604
19830605
19830606
19830607
19830608
19830610
19830611
19830612
19830613
19830614
19830615
19830618
19830619
19830620
19830621
19830622
19830623
19830624
19830625
19830626
19830627
19830628
19830629
19830701
19830702
19830703
19830705
19830707
19830708
19830709
19830710
19830711
19830712
19830713
19830714
19830718
19830719
19830720
19830721
19830724
19830725
19830726
19830728
19830729
19830801
19830803
19830806
19830807
19830808
19830810
19830811
19830812
19830813
19830814
19830815
19830816
19830817
19830818
19830819
19830820
19830821
19830822
19830823
19830824
19830825
19830827
19830828
19830829
19830901
19830902
19830903
19830904
19830905
19830906
19830909
19830910
19830911
19830912
19830913
19830914
19830915
19830916
19830917
19830918
19830919
19830920
19830921
19830922
19830923
19830924
19830925
19830926
19830927
19830928
19830929
19830930
198310
19831001
19831002
19831003
19831004
19831005
19831006
19831007
19831008
19831009
19831010
19831011
19831012
19831013
19831014
19831015
19831016
19831017
19831018
19831019
19831020
19831021
19831022
19831023
19831024
19831025
19831026
19831027
19831028
19831029
19831030
19831031
198311
19831101
19831102
19831103
19831104
19831105
19831106
19831107
19831108
19831109
19831110
19831111
19831112
19831113
19831114
19831115
19831116
19831117
19831118
19831119
1983112
19831120
19831121
19831122
19831123
19831124
19831125
19831126
19831127
19831128
19831129
19831130
198312
19831201
19831202
19831203
19831204
19831205
19831206
19831207
19831208
19831209
19831210
19831211
19831212
19831213
19831214
19831215
19831216
19831217
19831218
19831219
19831220
19831221
19831222
19831223
19831224
19831225
19831226
19831227
19831228
19831229
1983123
19831230
19831231
198313
198314
198315
198316
198318
19831983
198321
198322
198323
198324
198325
198326
198327
198328
198341
198361
198366
198371
198381
198383
198388
198396
198399
1984
198400
198401
19840101
19840102
19840103
19840104
19840105
19840106
19840107
19840108
19840109
19840110
19840111
19840112
19840113
19840115
19840116
19840117
19840118
19840119
19840120
19840121
19840122
19840123
19840124
19840125
19840126
19840127
19840128
19840129
19840130
19840131
1.98401E+11
19840201
19840202
19840203
19840204
19840205
19840206
19840207
19840208
19840209
19840210
19840211
19840212
19840213
19840214
19840215
19840216
19840217
19840218
19840219
19840220
19840221
19840224
19840225
19840226
19840227
19840228
19840229
19840301
19840302
19840303
19840304
19840305
19840306
19840308
19840309
19840310
19840311
19840312
19840313
19840314
19840315
19840316
19840318
19840319
19840320
19840321
19840322
19840323
19840324
19840325
19840326
19840327
19840328
19840329
19840401
19840403
19840404
19840405
19840408
19840409
19840410
19840412
19840414
19840416
19840418
19840420
19840421
19840422
19840424
19840426
19840428
19840429
19840501
19840502
19840504
19840505
19840506
19840508
19840510
19840512
19840513
19840514
19840515
19840516
19840517
19840518
19840519
19840520
19840521
19840522
19840523
19840525
19840526
19840527
19840528
19840529
198406
19840601
19840604
19840605
19840606
19840607
19840608
19840609
19840610
19840611
19840612
19840613
19840614
19840615
19840617
19840618
19840620
19840621
19840622
19840623
19840624
19840625
19840626
19840627
19840628
19840629
19840701
19840702
19840703
19840704
19840706
19840707
19840709
19840710
19840711
19840712
19840713
19840714
19840716
19840718
19840720
19840721
19840722
19840723
19840724
19840725
19840726
19840728
19840729
19840801
19840802
19840804
19840806
19840807
19840808
19840809
19840810
19840811
19840812
19840813
19840814
19840815
19840816
19840817
19840818
19840819
19840820
19840821
19840822
19840823
19840824
19840825
19840826
19840827
19840828
19840829
1.98408E+11
19840901
19840902
19840903
19840904
19840905
19840906
19840907
19840908
19840909
19840910
19840911
19840912
19840913
19840914
19840915
19840916
19840917
19840918
19840919
19840920
19840921
19840922
19840923
19840924
19840925
19840926
19840927
19840928
19840929
198410
19841001
19841002
19841003
19841004
19841005
19841006
19841007
19841008
19841009
1984101
19841010
19841011
19841012
19841013
19841014
19841015
19841016
19841017
19841018
19841019
19841020
19841021
19841022
19841023
19841024
19841025
19841026
19841027
19841028
19841029
19841030
19841031
198411
19841101
19841102
19841103
19841104
19841105
19841106
19841107
19841108
19841109
1984111
19841110
19841111
19841112
19841113
19841114
19841115
19841116
19841117
19841118
19841119
19841120
19841121
19841122
19841123
19841124
19841125
19841126
19841127
19841128
19841129
19841130
198412
19841201
19841202
19841203
19841204
19841205
19841206
19841207
19841208
19841209
19841210
19841211
19841212
19841213
19841214
19841215
19841216
19841217
19841218
19841219
19841220
19841221
19841222
19841223
19841224
19841225
19841226
19841227
19841228
19841229
19841230
19841231
1.98412E+11
198413
198414
198415
198416
198417
198418
198419
19841984
1.9841E+11
198421
198422
198423
198424
198425
198426
198427
198428
198431
1984327
198439
198451
198454
198456
198461
198466
198471
198477
198481
198482
198484
198488
198491
1984920
1984921
198499
1985
198500
198501
19850101
19850102
19850103
19850104
19850105
19850106
19850107
19850108
19850109
19850110
19850112
19850113
19850114
19850115
19850116
19850118
19850120
19850121
19850122
19850123
19850124
19850125
19850126
19850127
19850128
19850129
198502
19850201
19850202
19850203
19850204
19850205
19850206
19850207
19850208
19850209
19850210
19850211
19850212
19850213
19850214
19850215
19850216
19850217
19850218
19850219
19850220
19850221
19850223
19850224
19850226
19850227
19850228
1.98502E+11
19850301
19850302
19850303
19850304
19850305
19850306
19850307
19850309
19850310
19850311
19850312
19850313
19850314
19850315
19850316
19850317
19850318
19850319
19850320
19850321
19850322
19850323
19850324
19850325
19850326
19850327
19850328
19850329
1.98503E+11
19850401
19850406
19850408
19850409
19850410
19850411
19850412
19850415
19850416
19850418
19850419
19850420
19850421
19850422
19850423
19850425
19850426
19850428
19850429
19850501
19850502
19850503
19850504
19850505
19850506
19850507
19850509
19850510
19850511
19850513
19850514
19850515
19850519
19850520
19850521
19850523
19850524
19850525
19850527
19850528
19850529
19850530
19850601
19850602
19850603
19850604
19850605
19850606
19850608
19850609
19850610
19850611
19850612
19850613
19850614
19850615
19850616
19850617
19850618
19850619
19850620
19850621
19850622
19850623
19850624
19850625
19850626
19850627
19850628
19850629
19850701
19850702
19850703
19850704
19850705
19850706
19850707
19850708
19850709
19850711
19850712
19850717
19850718
19850719
19850720
19850721
19850722
19850723
19850724
19850725
19850726
19850727
19850728
19850729
19850730
19850801
19850802
19850803
19850804
19850805
19850806
19850807
19850808
19850809
19850810
19850811
19850812
19850814
19850815
19850816
19850817
19850818
19850819
19850820
19850821
19850822
19850823
19850824
19850825
19850826
19850827
19850828
19850829
1.98508E+11
198509
19850901
19850902
19850903
19850904
19850905
19850906
19850908
19850909
19850910
19850911
19850912
19850913
19850914
19850915
19850916
19850917
19850918
19850919
19850920
19850921
19850922
19850923
19850924
19850925
19850926
19850927
19850928
19850929
1.98509E+11
198510
1985100
19851001
19851002
19851003
19851004
19851005
19851006
19851007
19851008
19851009
1985101
19851010
19851011
19851012
19851013
19851014
19851015
19851016
19851017
19851018
19851019
1985102
19851020
19851021
19851022
19851023
19851024
19851025
19851026
19851027
19851028
19851029
19851030
19851031
198511
1985110
19851101
19851102
19851103
19851104
19851105
19851106
19851107
19851108
19851109
1985111
19851110
19851111
19851112
19851113
19851114
19851115
19851116
19851117
19851118
19851119
1985112
19851120
19851121
19851122
19851123
19851124
19851125
19851126
19851127
19851128
19851129
19851130
1985118
1.98511E+11
198512
1985120
19851201
19851202
19851203
19851204
19851205
19851206
19851207
19851208
19851209
1985121
19851210
19851211
19851212
19851213
19851214
19851215
19851216
19851217
19851218
19851219
1985122
19851220
19851221
19851222
19851223
19851224
19851225
19851226
19851227
19851228
19851229
1985123
19851230
19851231
1.98512E+11
198513
198515
198516
198518
19851985
1.9851E+11
198520
198521
198522
198523
198525
198526
198527
198528
1985315
198532
198533
1985414
198552
198561
198562
198566
198571
198572
1985720123
198577
198581
1985810
198582
198585
198586
198588
198591
198592
198599
1986
198600
198601
1986010
19860101
19860102
19860103
19860104
19860105
19860106
19860107
19860108
19860109
19860110
19860111
19860112
19860113
19860114
19860115
19860116
19860117
19860118
19860119
19860120
19860121
19860122
19860123
19860124
19860125
19860126
19860127
19860128
19860129
1.98601E+11
198602
19860201
19860202
19860203
19860204
19860205
19860206
19860207
19860208
19860209
1986021
19860210
19860211
19860212
19860213
19860214
19860215
19860216
19860217
19860218
19860219
19860220
19860222
19860223
19860224
19860225
19860226
19860227
19860228
1.98602E+11
198603
19860301
19860302
19860303
19860304
19860305
19860306
19860307
19860308
19860309
19860310
19860311
19860312
19860313
19860314
19860315
19860316
19860317
19860318
19860319
19860320
19860321
19860322
19860324
19860325
19860326
19860327
19860328
19860329
19860330
1.98603E+11
19860401
19860402
19860403
19860404
19860405
19860406
19860407
19860408
19860409
19860410
19860411
19860412
19860413
19860414
19860415
19860416
19860417
19860418
19860419
19860420
19860421
19860422
19860423
19860424
19860425
19860426
19860427
19860428
19860429
1.98604E+11
19860501
19860502
19860502000
19860503
19860504
19860505
19860506
19860507
19860508
19860509
19860510
19860511
19860512
19860513
19860514
19860515
19860516
19860517
19860518
19860519
1986052
19860520
19860521
19860522
19860523
19860524
19860525
19860526
19860527
19860528
19860529
19860530
1.98605E+11
198606
19860601
19860602
19860603
19860604
19860605
19860606
19860607
19860608
19860610
19860611
19860612
19860613
19860614
19860615
19860616
19860618
19860619
19860620
19860621
19860622
19860623
19860624
19860625
19860626
19860627
19860628
19860629
19860630
1.98606E+11
19860701
19860702
19860705
19860706
19860707
19860708
19860709
19860710
19860711
19860712
19860713
19860714
19860715
19860716
19860717
19860718
19860719
1986072
19860720
19860721
19860722
19860723
19860724
19860725
19860726
19860727
19860728
19860729
19860801
19860802
19860803
19860804
19860805
19860806
19860807
19860808
19860809
19860810
19860811
19860812
19860813
19860814
19860815
19860816
19860817
19860818
19860819
19860820
19860821
19860822
19860823
19860824
19860825
19860826
19860827
19860828
19860829
19860830
1.98608E+11
19860901
19860902
19860903
19860904
19860905
19860906
19860907
19860908
19860909
19860910
19860911
19860912
19860913
19860914
19860915
19860916
19860917
19860918
19860919
1986092
19860920
19860921
19860922
19860923
19860924
19860925
19860926
19860927
19860928
19860929
1.98609E+11
19861
198610
1986100
19861001
19861002
19861003
19861004
19861005
19861006
19861007
19861008
19861009
1986101
19861010
19861011
19861012
19861013
19861014
19861015
19861016
19861017
19861018
19861019
1986102
19861020
19861021
19861022
19861023
19861024
19861025
19861026
19861027
19861028
19861029
19861030
19861031
198611
1986110
19861101
19861102
19861103
19861104
19861105
19861106
19861107
19861108
19861109
1986111
19861110
19861111
19861112
19861113
19861114
19861115
19861116
19861117
19861118
19861119
1986112
19861120
19861121
19861122
19861123
19861124
19861125
19861126
19861127
19861128
19861129
19861130
1986116
1.98611E+11
198612
1986120
19861201
19861202
19861203
19861204
19861205
19861206
19861207
19861208
19861209
1986121
19861210
19861211
19861212
19861213
19861214
19861215
19861216
19861217
19861218
19861219
1986122
19861220
19861221
19861222
19861223
19861224
19861225
19861226
19861227
19861228
19861229
1986123
19861230
19861231
1986126
1.98612E+11
198613
198614
198615
198616
198617
198618
198619
19861986
1.9861E+11
19862
198621
1986212
198622
198623
198624
198625
198626
198627
198628
198631
198633
198641
198642
198649
198651
198652
1986520
198654
198655
198661
198666
198671
198672
198675
198677
19868
198681
1986816
198682
1986826
198686
198688
198689
19869
198691
198692
1986921
1986923
198695
198696
198698
198699
1987
198700
1987010
19870101
19870102
19870103
19870104
19870105
19870106
19870107
19870108
19870109
19870110
19870111
19870112
19870113
19870114
19870115
19870116
19870117
19870118
19870119
1987012
19870120
19870121
19870122
19870123
19870124
19870125
19870126
19870127
19870128
19870129
19870130
19870131
1.98701E+11
1987020
19870201
19870202
19870203
19870204
19870205
19870206
19870207
19870208
19870209
1987021
19870210
19870211
19870212
19870213
19870214
19870215
19870216
19870217
19870218
19870219
19870220
19870221
19870222
19870223
19870224
19870225
19870226
19870227
19870228
1.98702E+11
19870301
19870302
19870303
19870304
19870305
19870306
19870307
19870308
19870309
19870310
19870311
19870312
19870313
19870314
19870315
19870316
19870317
19870318
19870319
1987032
19870320
19870321
19870322
19870323
19870324
19870325
19870326
19870327
19870328
19870329
19870330
1.98703E+11
19870401
19870402
19870403
19870404
19870405
19870406
19870407
19870408
19870409
19870410
19870411
19870412
19870413
19870414
19870415
19870416
19870417
19870418
19870419
1987042
19870420
19870421
19870422
19870423
19870424
19870425
19870426
19870427
19870428
19870429
1.98704E+11
1987050
19870501
19870502
19870503
19870504
19870505
19870506
19870507
19870508
19870509
1987051
19870510
19870511
19870512
19870513
19870514
19870515
19870516
19870517
19870518
19870519
19870520
19870521
19870522
19870523
19870524
19870525
19870526
19870527
19870528
19870529
19870530
1.98705E+11
198706
1987060
19870601
19870602
19870603
19870604
19870605
19870606
19870607
19870608
19870609
1987061
19870610
19870611
19870612
19870613
19870614
19870615
19870616
19870617
19870618
19870619
1987062
19870620
19870621
19870622
19870623
19870624
19870625
19870626
19870627
19870628
19870629
19870630
1.98706E+11
1987070
19870701
19870702
19870703
19870704
19870705
19870706
19870707
19870708
19870709
19870710
19870711
19870712
19870713
19870714
19870715
19870716
19870717
19870718
19870719
1987072
19870720
19870721
19870722
19870723
19870724
19870725
19870726
19870727
19870728
19870729
19870730
1.98707E+11
198708
1987080
19870801
19870802
19870803
19870804
19870805
19870806
19870807
19870808
19870809
1987081
19870810
19870811
19870812
19870813
19870814
19870815
19870816
19870817
19870818
19870819
1987082
19870820
19870821
19870822
19870823
19870824
19870825
19870826
19870827
19870828
19870829
19870830
1.98708E+11
1987090
19870901
19870902
19870903
19870904
19870905
19870906
19870907
19870908
19870909
1987091
19870910
19870911
19870912
19870913
19870914
19870915
19870916
19870917
19870918
19870919
1987092
19870920
19870921
19870922
19870923
19870923wex
19870924
19870925
19870926
19870927
19870928
19870929
19870930
1.98709E+11
19871
198710
1987100
19871001
19871002
19871003
19871004
19871005
19871006
19871007
19871008
19871009
1987101
19871010
19871011
19871012
19871013
19871014
19871015
19871016
19871017
19871018
19871019
1987102
19871020
19871021
19871022
19871023
19871024
19871025
19871026
19871027
19871028
19871029
19871030
19871031
198711
1987110
19871101
19871102
19871103
19871104
19871105
19871106
19871107
19871108
19871109
1987111
19871110
19871111
19871112
19871113
19871114
19871115
19871116
19871117
19871118
19871119
1987112
19871120
19871121
19871122
19871123
19871124
19871125
19871126
19871127
19871128
19871129
1987113
19871130
1987114
1987115
1987119
1.98711E+11
198712
1987120
19871201
19871202
19871203
19871204
19871205
19871206
19871207
19871208
19871209
1987121
19871210
19871211
19871212
19871213
19871214
19871215
19871216
19871217
19871218
19871219
1987122
19871220
19871221
19871222
19871223
19871224
19871225
19871226
19871227
19871228
19871229
1987123
19871230
19871231
1987127
19871271987
198712821
1.98712E+11
198713
198714
198715
198716
198718
19871987
1.9871E+11
19872
198721
1987213
198722
198724
198725
198726
198727
198728
198729
198733
198735
198741
198742
1987426
198746
198751
198752
1987520
198754
198755
19876
198761
198762
1987620
1987623
1987624
198763
198764
198765
198766
198769
198771
1987715
198772
19878
198781
1987812
1987815
198782
1987825
198783
198786
198787
198788
19879
198791
1987910
1987915
198792
1987924
198796
198798
198799
1988
19880101
19880102
19880103
19880104
19880105
19880106
19880107
19880108
19880109
1988011
19880110
19880111
19880112
19880113
19880114
19880115
19880116
19880117
19880118
19880119
1988012
19880120
19880121
19880122
19880123
19880124
19880125
19880126
19880127
19880128
19880129
19880130
19880131
1.98801E+11
1988020
19880201
19880202
19880203
19880204
19880205
19880206
19880207
19880208
19880209
1988021
19880210
19880211
19880212
19880213
19880214
19880215
19880216
19880217
19880218
19880219
1988022
19880220
19880221
19880222
19880223
19880224
19880225
19880226
19880227
19880228
19880229
1.98802E+11
1988030
19880301
19880302
19880303
19880304
19880305
19880306
19880307
19880308
19880309
1988031
19880310
19880311
19880312
19880313
19880314
19880315
19880316
19880317
19880318
19880319
19880320
19880321
19880322
19880323
19880324
19880325
19880326
19880327
19880328
19880329
19880330
19880331
1.98803E+11
19880401
19880402
19880403
19880404
19880405
19880406
19880407
19880408
19880409
1988041
19880410
19880411
19880412
19880413
19880415
19880416
19880417
19880418
19880419
1988042
19880420
19880421
19880422
19880423
19880424
19880425
19880426
19880427
19880428
19880429
1.98804E+11
1988050
19880501
19880502
19880503
19880504
19880505
19880506
19880507
19880508
1988051
19880510
19880511
19880512
19880513
19880514
19880515
19880516
19880517
19880518
19880519
1988052
19880520
19880521
19880522
19880523
19880524
19880525
19880526
19880527
19880528
19880529
19880530
1.98805E+11
19880601
19880602
19880603
19880604
19880605
19880606
19880607
19880608
19880609
19880610
19880611
19880612
19880613
19880614
19880615
19880616
19880617
19880618
1988062
19880620
19880621
19880622
19880623
19880624
19880625
19880626
19880627
19880628
19880629
19880630
1.98806E+11
19880701
19880702
19880703
19880704
19880705
19880706
19880707
19880708
19880709
1988071
19880710
19880711
19880712
19880713
19880714
19880715
19880716
19880717
19880718
19880719
1988072
19880720
19880721
19880722
19880723
19880724
19880725
19880726
19880727
19880728
19880729
19880730
1.98807E+11
198808
19880801
19880802
19880803
19880804
19880805
19880806
19880807
19880808
19880809
1988081
19880810
19880811
19880812
19880813
19880814
19880815
19880816
19880817
19880818
19880819
19880820
19880821
19880822
19880823
19880824
19880825
19880826
19880827
19880828
19880829
19880830
19880831
1.98808E+11
19880901
19880902
19880903
19880904
19880905
19880906
19880907
19880908
19880909
1988091
19880910
19880911
19880912
19880913
19880914
19880915
19880916
19880917
19880918
19880919
19880920
19880921
19880922
19880923
19880924
19880925
19880926
19880927
19880928
19880929
1.98809E+11
19881
198810
1988100
19881001
19881002
19881003
19881004
19881005
19881006
19881007
19881008
19881009
1988101
19881010
19881011
19881012
19881013
19881014
19881015
19881016
19881017
19881018
19881019
1988102
19881020
19881021
19881022
19881023
19881024
19881025
19881026
19881027
19881028
19881029
19881030
19881031
198811
1988110
19881101
19881102
19881103
19881104
19881105
19881106
19881107
19881108
19881109
1988111
19881110
19881111
19881112
19881113
19881114
19881115
19881116
19881117
19881118
19881119
1988112
19881120
19881121
19881122
19881123
19881124
19881125
19881126
19881127
19881128
19881129
1988113
19881130
1988118
1.98811E+11
198812
1988120
19881201
19881202
19881203
19881204
19881205
19881206
19881207
19881208
19881209
1988121
19881210
19881211
19881212
19881213
19881214
19881215
19881216
19881217
19881218
19881219
1988122
19881220
19881221
19881222
19881223
19881224
19881225
19881226
19881227
19881228
19881229
1988123
19881230
19881231
1988124
1988128
1.98812E+11
198816
19881988
1.9881E+11
198821
198822
198823
198828
19883075
198831
198832
198841
198842
198851
198852
1988520
198858
19886
198861
198862
198866
198868
198871
198872
198877
198881
198882
198888
19888888
19889
198891
1988914
198892
1988925
198899
1989
1989010
19890101
19890102
19890103
19890104
19890105
19890106
19890107
19890108
19890109
19890110
19890111
19890112
19890113
19890114
19890115
19890116
19890117
19890118
19890119
1989012
19890120
19890121
19890122
19890123
19890124
19890125
19890126
19890127
19890128
19890129
19890130
1.98901E+11
1989020
19890201
19890202
19890203
19890204
19890205
19890206
19890207
19890208
19890209
1989021
19890210
19890211
19890212
19890213
19890214
19890215
19890216
19890217
19890218
19890219
1989022
19890220
19890221
19890222
19890223
19890224
19890225
19890226
19890227
19890228
1.98902E+11
19890301
19890302
19890303
19890304
19890305
19890306
19890307
19890308
19890309
19890310
19890311
19890312
19890313
19890314
19890315
19890316
19890317
19890318
19890319
1989032
19890320
19890321
19890322
19890323
19890324
19890325
19890326
19890327
19890328
19890329
1.98903E+11
19890401
19890402
19890403
19890404
19890405
19890406
19890408
19890409
19890410
19890411
19890412
19890413
19890414
19890415
19890416
19890417
19890418
19890420
19890421
19890423
19890425
19890426
19890428
19890429
1.98904E+11
19890501
19890502
19890503
19890504
19890505
19890506
19890508
19890510
19890511
19890512
19890513
19890514
19890515
19890516
19890517
19890518
19890519
19890520
19890521
19890522
19890523
19890524
19890525
19890526
19890527
19890529
1.98905E+11
198906
19890601
19890603
19890604
19890605
19890606
19890607
19890608
19890609
19890610
19890611
19890612
19890613
19890614
19890615
19890616
19890618
19890619
19890620
19890621
19890622
19890623
19890624
19890625
19890626
19890627
19890628
19890629
1.98906E+11
1989070
19890701
19890702
19890703
19890704
19890705
19890706
19890707
19890708
19890709
19890710
19890711
19890712
19890714
19890715
19890718
19890719
19890720
19890721
19890722
19890723
19890724
19890725
19890726
19890728
19890729
1.98907E+11
1989080
19890801
19890802
19890803
19890805
19890806
19890808
19890809
19890810
19890811
19890812
19890813
19890814
19890815
19890816
19890817
19890818
19890819
19890820
19890821
19890822
19890823
19890824
19890825
19890826
19890827
19890828
19890829
19890830
1.98908E+11
198909
19890901
19890902
19890903
19890904
19890905
19890906
19890907
19890908
19890909
1989091
19890910
19890911
19890912
19890913
19890914
19890915
19890916
19890917
19890918
19890919
1989092
19890920
19890921
19890922
19890923
19890924
19890925
19890926
19890927
19890928
19890929
1.98909E+11
19891
198910
1989100
19891001
19891002
19891003
19891004
19891005
19891006
19891007
19891008
19891009
1989101
19891010
19891011
19891012
19891013
19891014
19891015
19891016
19891017
19891018
19891019
1989102
19891020
19891021
19891022
19891023
19891024
19891025
19891026
19891027
19891028
19891029
19891030
19891031
198911
1989110
19891101
19891102
19891103
19891104
19891105
19891106
19891107
19891108
19891109
1989111
19891110
19891111
19891112
19891113
19891114
19891115
19891116
19891117
19891118
19891119
1989112
19891120
19891121
19891122
19891123
19891124
19891125
19891126
19891127
19891128
19891129
1989113
19891130
1989116
1989117
1989119
1.98911E+11
198912
1989120
19891201
19891202
19891203
19891204
19891205
19891206
19891207
19891208
19891209
1989121
19891210
19891211
19891212
19891213
19891214
19891215
19891216
19891217
19891218
19891219
1989122
19891220
19891221
19891222
19891223
19891224
19891225
19891226
19891227
19891228
19891229
1989123
19891230
19891231
1989124
1989126
1.98912E+11
198916
198918
19891989
1.9891E+11
198921
1989211
19892188
198922
198923
198925
198931
198932
198941
198942
198951
198952
1989521
1989525
198961
198962
1989629
198964
198966
198971
198972
1989720
198977
198981
1989815
198982
198988
198991
198992
198999
1990
19900101
19900102
19900104
19900118
19900123
19900125
19900126
1.99001E+11
1990020
19900201
19900206
19900214
19900216
1.99002E+11
19900329
1.99003E+11
1.99004E+11
19900504
19900512
19900520
19900526
1.99005E+11
1990062
19900624
1.99006E+11
19900811
19900818
1.99008E+11
1.99009E+11
19901
199010
19901002
1990101
19901010
19901011
19901012
19901013
19901014
19901015
19901016
19901018
19901019
1990102
19901020
19901022
19901023
19901024
19901025
19901026
19901027
19901028
19901030
199011
1990111
19901111
1990112
19901120
19901122
19901125
19901126
19901127
1.99011E+11
199012
1990120
1990121
19901210
19901211
19901212
19901215
19901218
19901219
1990122
19901220
19901221
19901225
19901227
1990123
19901230
1.99012E+11
19901990
1.9901E+11
19902
199021
199022
199031
199032
199051
199052
1990523
199061
199072
1990722
199081
199082
199091
1991
1991101
19911015
1991102
199111
1991122
199212
19931204
19960309
19970701
199771
19981219
199862
19990125
19991226
199999
19999999
1a1a1a1a
1a2b3c
1a2b3c4d
1a2b3c4d5e
1a2s3d4f
1h2h2h3h4h
1q1q1q
1q1q1q1q
1q2w3e
1q2w3e4r
1q2w3e4r5t
1q2w3e4r5t6y
1qa2ws
1qa2ws3ed
1qaz1qaz
1qaz2wsx
1QAZ2WSX
1qaz2wsx3edc
1qazaq1
1qaz!QAZ
1qaz@WSX
1qazxsw2
1qazxsw23edc
1qazzaq1
1rtj689d
200
2000
200000
20000000
200011
20002000
200100
20012001
200200
20021212
20022002
20032003
200401265
20042004
200428
20052005
20060101
20061013
200613
20062006
2006tianya
20070101
20072007
2.0072E+11
2008
200800
200808
20080808
200810
2008110110
20081234
20082008
200820082
20082009
2.0082E+11
200880800
200888
2009
20090101
20090605
20090909
200919ab
20092009
2010000
20100101
20102010
2010comer
201201
201201201
2012comeer
20131
201314
201314201314
20202
202020
20202020
203203
203344
20462046
207756
208884
210046yyj
210210
210210210
210316
211211
211211211
21131
211314
211314211314
2115409
212121
21212121
2121241
2121521
212212
213213
213213213
213344
213456
21345678
214214
214214214
214221
215215
216216
218218
21876346a
21882188
219219
21981080
2199127551
21AINIYAN
220041229
220220
221013
221221
222
222111
2222
22222
222221
222222
2222222
22222222
222222222
2222222222
22223333
222333
222555
222666
222888
2228983735
2230497
223068
223223
223300
223322
223344
22334455
223366
224466
22446688
225588
2260841
226688
228228
231997
232323
23232323
232425
2337060
234234
23452345
23456
234561
234567
2345678
23456789
235689
242424
24242424
242526
24367826
244891gz
246437
24669988
246800
246810
24681012
246813579
24682468
2470555
250250
250250250
250976046
25131
251314
251314251314
252039
252321
2525132
25251325
252525
25252525
2525775
25257758
2532725
257758
258
258000
25802580
258147
25825
2582525775
258258
258258258
2582587758
2.58258E+12
25836
258369
258369147
258456
258520
258758
2587758
258852
2589
258963
25897758
259421
259695
259758
259775
2597758
262626
26262626
262728
2689168
-269961902
27105821
271828
2718281828
272727
27272727
277434968
282828
28282828
283431148
2864760
2870873859
28845452884545
28zxrpuNFA
28zxrpvNFA
2925138
292929
2958369
296133
299792458
29yxqqvPGB
2m66xF2AJT
2n66xF2zIU
2n66xF2zJT
2n66xG2zIU
2n76xG2yIU
2p76xG2yHV
2p76xH2xHV
2p76xH2yHV
2p77xH2xGV
2p87xH3xGW
2q87xI3vFX
2q87xI3wFW
2q87xI3wFX
2q87xI3wGW
2r97xJ3xEX
2r97xJ3xEY
2wsxcde3
300400
301301
301415
301415926
302302
303030
30303030
30728755
309309
310310
310310310
3106028011
311311
311311311
312312
312312312
312663580s
313131
31313131
313313
3135134162
313936
314159
3.14159
3.141592
31415926
3.1415926
314159265
3141592653
3.141592653
31415926535
3.1415926535
314159265358
3141592654
3.141592654
31415927
314159314159
314314
314314314
314485995
31496081
315315
315315315
3155530
316225
316316
317317
318318
319319
320320
320320320
321
321000
32103210
321102
321123
3211862
32132
321321
321321321
321456
321456789
321456987
32165
321654
321654987
3216732167
322322
3224445
323232
32323232
323323
3250475
325325
325325325
325600
326326
326326326
328328
329800
330302
330330
33033501
330822
331234
332211
33221100
332335
332627
333
333111
3331314
333222
3333
33333
333333
3333333
33333333
333333333
3333333333
33334444
33336666
333444
333520
333555
333666
333666999
333777
333888
333999
334205265
3344
3344179
334420
334421
334452
3344520
3344521
334455
33445566
3344556677
33455432
3353212li
336688
336699
3366994qaz
3371333mm
33787943
3379071
338566
3396815
340104
3429795
343434
34416912
345678
3456789
35322zz
353535
35353535
354862
357159
3608074
3621587
362421
362514
363636
36363636
36388490
3651118xun
365365
365413
366366
369
36925
369258
36925814
369258147
36936
369369
369369369
369852
369852147
3698741
369874125
369958
369963
3714261985
372100
37213721
37217086
373737
375044
38183818
382408
383838
38383838
3838438
3879412
39078
393041123
393939
39398890
39wxnrwQHC
39xxnrwQHC
39xxpqwPGB
39xxpqwQHB
39yxpqwPGB
39yxqqvPGB
3sa8xK42CZ
3sa8xK4xCZ
3sa8xK4xDZ
3sa8xL42CJ
3sa8xL42CZ
3ta8xL42BJ
3ta8xL42CJ
3tb8xL42BJ
3tb9xM42xI
3ub9xM52xI
3ub9xM53xI
3uc9xN53xH
3vc9xN53xG
3vc9xN53xH
3vc9xP532G
410651410651
413413
415263
415415415
416143479
417zhu716
4181639
418418
419419
419516
42011178
423000
424242
430924
4423
44332211
444
4444
44444
444444
4444444
44444444
444444444
44448888
444555
444888
445566
44556677
4478120
4501031984
453647598
454545
45454545
456
45612
456123
4561230
45612300
456123123
456123456123
456123789
456258
456321
456456
456456456
456654
45678
456789
45678900
456789123
45683968
45685
456852
45685200
456852123
456852456852
45692
456987
458563
45874587
463395727
464646
46709394
476730751
479133
4832514
491001
4avxksySJD
4avxmrxRID
4avxmsxRID
4awxmrxRIC
4awxnrxRIC
4vdaxP542G
4wdaxP642F
4wdaxQ642F
4weaxQ642E
4xeaxR653E
4xebxR653D
4yfb2S753C
4yfb2S753D
501501
5021314
502502
504676859
505050
506125860
50768090
5100
510510
510520
511511
51201314
51211314
5121314
512512
512512512
5131420
5131421
513513
514514
515151
51515151
515223
515515
516516
516518
516888
517517
518000
518168
518518
518518518
518598
51879321
518888
51888888
518918
518951
519519
520
5200
520000
52001314
52002
520025
5200251314
52005200
520090025hgb
520110
520111
52012
520123
520123456
520131
5201314
5201314.
5201314..
52013140
520131400
5201314000
52013141
520131412
5201314123
52013141314
520131415
5201314159
520131420
52013143344
52013144
52013145
520131452
5201314520
52013145201314
520131456
5201314584
5201314587
52013147
5201314789
52013148
520131488
5201314888
520131499
5201314a
5201314aa
5201314abc
5201314q
5201314qq
5.20131E+11
5.20131E+12
5.20131E+13
520134
5201413
520152
520168
520184
520240
520258
520333
520334
5203344
520510
52052
520520
520520123
5205201314
52052052
520520520
520521
52053
520530
520888
520999
520fagnsg
520woaini
521
521000
52101314
52105210
52112
521123
521125
5211258
521131
5211314
52113140
521131400
52113141314
521131452
5211314521
52113145211314
5211314a
5.21131E+13
521224727
521241
52131
521314
521334
5213344
521369852
52152
521520
521521
5215211314
52152152
521521521
521888
521999
522522
523
52331314
52333333
52335233
523523
523523523
5251314
525252
52525252
52527955a
525525
52571314
525jia
5261314
526526
5271314
527527
52771314
52795360
5282
528528
529634
530520
530530
5320
53231323
533298645
540822
541015qf
541788
54181452
54188
541881452
5418854188
541888
54321
543210
544257999
54444944
545454
54545454
546546546
547896321
5488142
551648586
552200
555
555111
555444
5555
55555
555555
5555555
55555555
555555555
5555555555
55556666
55558888
555666
555888
5566
55665566
556677
55667788
556688
5571826
55long
560111aa
5618274
562059487
56433
564335
5649335
565139
565656
56565656
567567
56789
567890
568568
5700
572200
574712
5757124
575757
579395571
5800
5841201314
5841314
58413142
584131420
584131421
584131452
5841314520
5841314521
58420131
584201314
584211314
58451201314
5845131421
58452
584520
584520131
5845201314
5845203344
584521
584521131
5845211314
5845213344
5858518
585858
58585858
5865588
587170
588588
590426
5917487
594201314
594211
594232
5959
595959
5Agc2U864A
5Ahc2U874A
5Ahc2U875A
5Ahc2V875z
5auxksySJD
5Bhc2V875z
5Bid2V875z
5Bid2W875y
5bt2itzTKE
5bt2jtzTKE
5buxksySJD
5buxksySJE
5i5i5i5i
5zgb2T764B
5zgc2T764B
5zgc2U764B
600118
600600
601601
60200946
604604
606060
60728
60729043
610610
611611
6120
612612
613613
615615
616161
616616
618618
618618618
618961
619030475
619619
6198198
620620
621621
623623
6237141963
625625
626262
626626
628628
630158513
630630
632
63256632
634142554
635241
63529993
636363
63637971
640528
6464605
646656xz7
650829yjm
6512212
65303950
654123
654312
65432
654321
6543210
65432100
654321654321
654321a
654321abc
654654
654654654
654987
656565
65656565
6584609
65899916
6596811
660561398
66079350
663333
663621
6652264
66522718
66581882
666
666333
666555
6666
66661818
66666
666666
6666666
66666666
666666666
6666666666
66666688
66668888
66669999
666777
66688
666888
666888999
666999
666aaa777bbb
667788
66778899
66802356
668668
6688
???6688
668866
66886688
668899
676767
67676767
678678
678910
6806719
6821569
683372591
686868
68686868
688496
68856636
689689
68973435779
691212
69191217
696969
69696969
6Bid2W985y
6bs2itzUKF
6Cid2W985y
6cr2huAULF
6cr2huAVLG
6cs2huAULF
6cs2itAULF
6Cxd2W986x
6Cxd2W986y
6Cxd2X986x
6Dxe2X996w
6Dxe2Y996w
6Dxe3Y996w
6Dxe3Ya96w
6Exe3Ya97v
6Exe3Za97v
700209
700629gh
7007
700700
7007007
7008
701840865
70701111
707070
707707
709394
709909
711711
71310615
720520
72152
721521
7215217758991
7.21522E+11
7.21522E+12
725178
727272
728728
730312
731731
731731731
731801
733733
734992
737373
7374520
74004186
740071
740307
7410
741000
74107410
7410852
74108520
74108520963
74108520963.
7410852963
7412369
74123698
741236985
74123963
741258
741258963
741741
741741741
74185
741852
74185296
741852963
7418529630
741963
742141189
74511940
7451321
745839
747474
748748
749749
751010
751025
751102
751212
751225
753159
75395
753951
753951456
753951753951
7564335
757575
758258
758521
760309
760909
761009
761010
761013
761018
761023
761024
761028
761110
761125
761126
761128
761129
761208
761212
761225
761226
761228
761230
762788
7654321
76543210
767676
769394
770101
770110
770423
770520
770820
770880
7708801314520
770880520
7.7088E+11
7.7088E+12
771001
771010
771011
771012
771013
771015
771016
771018
771020
771022
771023
771024
771025
771026
771027
771028
771029
771030
771102
771105
771106
771108
771109
771111
771112
771114
771115
771116
771117
771118
771119
771120
771121
771122
771123
771124
771125
771126
771127
771128
771129
771201
771203
771204
771205
771206
771208
771210
771211
771212
771213
771214
771215
771216
771217
771218
771219
771220
771221
771223
771224
771225
771226
771227
771228
771230
771231
771314200
77419743
774277
774517397
775521
775825
7758258
77582580
7758258123
7758258258
7758258520
77582587758258
77582588
7758258a
7.75826E+12
7.75826E+13
775852
7758520
77585200
77585201314
7758521
7758521.
77585210
775852100
7758521000
77585211
7758521123
77585211314
775852152
7758521520
7758521521
77585217758521
7758521a
7.75852E+12
7.75852E+13
77587758
775885
7758991
777
7777
77777
777777
7777777
77777777
777777777
7777777777
77778888
777888
777888999
777936
777999
7788250
7788251
7788414
778852
7788520
7788521
77887788
7788945
778899
77889900
780125
780211
780214
780405
780504
780512
780620
780813
780818
780828
780912
780923
780924
780926
780928
781001
781002
781003
781005
781006
781008
781010
781011
781012
781013
781014
781015
781016
781017
781018
781019
781020
781021
781022
781023
781024
781025
781026
781027
781028
781029
781030
781031
781101
781102
781103
781104
781105
781106
781107
781108
781109
781110
781111
781112
781113
781114
781115
781116
781117
781118
781119
781120
781121
781122
781123
781124
781125
781126
781127
781128
781129
781130
781201
781203
781204
781205
781206
781207
781208
781209
781210
781211
781212
781213
781214
781215
781216
781217
781218
781219
781220
781221
781222
781223
781224
781225
781226
781227
781228
781229
781230
781231
782233
784512
784533
7878778
787878
78787878
789
7890
789000
789123
789123456
78945
789456
78945612
789456123
7894561230
7894562
7895123
789523
7896321
78963214
789632145
789654
789654123
789654321
789789
789789789
789852
789852123
789987
790101
790111
790118
790214
790216
790219
790228
790315
790429
790613
790615
790618
790619
790621
790623
790624
790625
790626
790628
790629
790815
790816
790822
790823
790824
790825
790826
790909
790915
790916
790918
790923
790925
790929
791001
791002
791004
791005
791006
791007
791008
791009
791010
791011
791012
791013
791014
791015
791016
791017
791018
791019
791020
791021
791022
791023
791024
791025
791026
791027
791028
791029
791030
791031
791101
791102
791103
791104
791105
791106
791107
791108
791109
791110
791111
791112
791113
791114
791115
791116
791117
791118
791119
791120
791121
791122
791123
791124
791125
791126
791127
791128
791129
791130
791201
791202
791203
791204
791205
791206
791207
791208
791209
791210
791211
791212
791213
791214
791215
791216
791217
791218
791219
791220
791221
791223
791224
791225
791226
791227
791228
791229
791230
791231
7936369
794613
794613852
797979
79797979
799800zz
7cq2guBVMG
7cr2guBVMG
7dp2fvCWNH
7dq2fvBWMG
7dq2gvBVMG
7Exe3Zaa7u
7Fxf3Jaa7u
7Fxf3Jba8t
7Gxf3Ibb8s
7Gxf3Ibb8t
7xxf3Ibb8s
7xxg3Hbb8s
7xxg3Hbb9r
7xxg3Ibb8s
800101
800112
800115
800116
800118
800119
800120
800122
800123
800124
800125
800126
800128
800208
800210
800212
800213
800214
800215
800216
800218
800219
800224
800228
800311
800312
800315
800321
800328
800428
800520
800521
800525
800526
800528
800618
800628
800715
800728
8008
800800
800800800
800810
800811
800812
800815
800816
800818
800819
800820
8008208820
800821
800824
800825
800828
800829
800910
800915
800918
800920
800921
800922
800925
800927
800929
801001
801002
801003
801004
801005
801006
801007
801008
801009
801010
801011
801012
801013
801014
801015
801016
801017
801018
801019
801020
801021
801022
801023
801024
801025
801026
801027
801028
801029
801030
801031
801101
801102
801103
801104
801105
801106
801107
801108
801109
801110
801111
801112
801113
801114
801115
801116
801117
801118
801119
801120
801121
801122
801122jun
801123
801124
801125
801126
801127
801128
801129
801130
801201
801202
801203
801204
801205
801206
801207
801208
801209
801210
801211
801212
801213
801214
801215
801216
801217
801218
801219
801220
801221
801222
801223
801224
801225
801226
801227
801228
801229
801230
801231
80238023
808000
80808
808080
80808080
8080985
808247
809998
810101
810105
810121
810123
810124
810202
810210
810214
810219
810326
810409
810505
810510
810520
810528
810609
810615
810618
810619
810623
810624
810625
810629
810715
810718
810725
810726
810728
810808
810810
810812
810813
810815
810816
810818
810820
810822
810823
810824
810825
810826
810828
810830
810906
810909
810910
810911
810912
810913
810914
810915
810916
810917
810918
810919
810920
810921
810922
810923
810924
810925
810926
810927
810928
810929
810930
811001
811002
811003
811004
811005
811006
811007
811008
811009
811010
811011
811012
811013
811014
811015
811016
811017
811018
811019
811020
811021
811022
811023
811024
811025
811026
811027
811028
811029
811030
811031
811101
811102
811103
811104
811105
811106
811107
811108
811109
811110
811111
811112
811113
811114
811115
811116
811117
811118
811119
811120
811121
811122
811123
811124
811125
811126
811127
811128
811129
811130
811201
811202
811203
811204
811205
811206
811207
811208
811209
811210
811211
811212
811213
811214
811215
811216
811217
811218
8112184
811219
811220
811221
811222
811223
811224
811224bai
811225
811226
811227
811228
811229
811230
811231
812812
8130112
81392412
815195
815452
815815
81592109
81620
816618
816816
818181
818283
818818
819819
8198823
820101
820102
820103
820104
820105
820106
820108
820110
820112
820113
820114
820115
820116
820117
820118
820119
820120
820121
820122
820123
820124
820125
820126
820127
820128
820129
820130
820201
820202
820203
820206
820208
820210
820211
820212
820213
820214
820215
820216
820217
820218
820219
820220
820222
820223
820224
820225
820228
820310
820311
820312
820314
820315
820316
820317
820319
820320
820321
820322
820323
820324
820325
820326
820328
820405
820406
820410
820411
820412
820413
820415
820416
820417
820418
820419
820420
820421
820422
820423
820424
820426
820428
820429
820505
820510
820513
820516
820517
820518
820520
820521
820522
820523
820525
820526
820527
820528
820610
820611
820612
820613
820614
820615
820616
820618
820619
820620
820621
820622
820623
820624
820625
820626
820628
820629
820711
820713
820714
820715
820716
820718
820721
820722
820723
820725
820726
820808
820810
820811
820812
820813
820814
820815
820816
820817
820818
820819
820820
820821
820822
820823
820824
820825
820826
820827
820828
820829
820830
820901
820903
820905
820906
820909
820910
820911
820912
820913
820914
820915
820916
820917
820918
820919
820920
820921
820922
820923
820924
820925
820926
820927
820928
820929
821001
821002
821003
821004
821005
821006
821007
821008
821009
821010
821011
821012
821013
821014
821015
821016
821017
821018
821019
821020
821021
821022
821023
821024
821025
821026
821027
821028
821029
821030
821031
821100
821101
821102
821103
821104
821105
821106
821107
821108
821109
821110
821111
821112
821113
821114
821115
821116
821117
821118
821119
821120
821121
821122
821123
821124
821125
821126
821127
821128
821129
821130
821201
821202
821203
821204
821205
821206
821207
821208
821209
821210
821211
821212
821213
821214
821215
821216
821217
821218
821219
821220
821221
821222
821223
821224
821225
821226
821227
821228
821229
821230
821231
8223373812
825048
825521
825825
826826
826826826
82800
828282
82828282
828828
829475
829531
830101
830112
830115
830116
830120
830123
830124
830125
830126
830127
830128
830129
830188
830202
830208
830210
830211
830213
830214
830215
830216
830217
830218
830219
830225
830312
830313
830320
830323
830425
830520
830521
830625
830701
830815
830818
830820
830828
830830
830911
830912
830916
830917
830918
830923
830924
830925
830926
830927
830929
831001
831002
831003
831005
831006
831007
831008
831009
831010
831011
831012
831013
831014
831015
831016
831017
831018
831019
831020
831021
831022
831023
831024
831025
831026
831027
831028
831029
831030
831031
831101
831101qsl
831102
831103
831104
831105
831106
831107
831108
831109
831110
831111
831112
831113
831114
831115
831116
831117
831118
831119
831120
831121
831122
831123
831124
831125
831126
831127
831128
831129
831130
831201
831203
831205
831206
831207
831208
831209
831210
831211
831212
831213
831214
83121400
831215
831216
831217
831218
831219
831220
831221
831222
831223
831224
831225
831226
831227
831228
831229
831230
835538
838383
83869247
840101
840110
840122
840213
840214
840216
840220
840223
840305
840310
840414
840706
840816
840821
840928
841001
841002
841003
841004
841005
841006
841007
841008
841009
84101
841010
841011
841012
841013
841014
841015
841016
841017
841018
841019
84102
841020
841021
841022
841023
841024
841025
841026
841027
841028
841029
841030
841102
841103
841105
841106
841108
841109
841112
841113
841115
841116
841117
841118
841120
841121
841122
841123
841124
841125
841126
841127
841128
841129
841130
841203
841204
841205
841206
841207
841208
841210
841211
841212
841213
841214
841215
841216
841217
841218
841219
841220
841221
841222
841223
841224
841225
841226
841227
841228
841229
841230
84131421
84239382
84821742
84849618
8496856
8500859
850101
850211
850214
850312
850324
850411
850514
850525
850618
850726
850828
850908
850910
850921
851001
851002
851003
851008
851010
851011
851012
851013
851014
851015
851016
851017
851018
851019
85102
851020
851021
851022
851023
851024
851025
851026
851027
851028
851029
851030
851102
851106
851107
851108
851110
851111
851112
851113
851114
851115
851116
851117
851118
851119
85112
851120
851121
851122
851123
851124
851125
851126
851127
851128
851129
851201
851202
851203
851204
851205
851206
851207
851208
851209
85121
851210
851211
851212
851213
851214
851215
851216
851217
851218
851219
85122
851220
851221
851223
851224
851225
851226
851227
851228
851229
851230
852
8520
85208520
852123
852456
852741
852852
852963
858585
85858585
858877108aop
8598411111
860120
860123
860125
860214
860228
860312
860315
860712
860728
860906
860922
861005
861007
861008
861009
86101
861010
861011
861012
861013
861014
861015
861016
861017
861018
86102
861020
861021
861022
861023
861024
861025
861026
861027
861028
861029
861030
861101
861102
861103
861104
861105
861106
861107
861110
861112
861113
861115
861118
86112
861120
861121
861122
861123
861124
861125
861126
861127
861128
861129
861201
861203
861205
861206
861207
861209
86121
861210
861211
861212
861213
861214
861215
861216
861217
861218
861219
861220
861221
861223
861224
861225
861226
861227
861228
861229
861231
86680101
8675309
868686
86868686
8686886
86924950
870113
870120
870124
870125
870210
870212
870214
870215
870216
870227
870606
870615
870616
870619
870626
870627
870629
870707
870721
870824
870825
870924
871001
871010
871013
871014
871015
871016
871017
871018
871019
87102
871021
871023
871024
871025
871026
871027
871028
871029
871030
871104
871108
871110
871112
871116
871119
87112
871120
871121
871122
871123
871124
871125
871126
871127
871128
871129
871203
871204
871208
871210
871211
871212
871213
871215
871218
871221
871224
871225
871228
871229
87156151
8737211
87654321
8779341w
878787
87878787
880120
880123
880125
880127
880202
880210
880213
880214
880215
880217
8802667
880312
880314
880321
880326
880420
880423
880425
880505
880513
88052
880520
880612
880615
880624
880702
880712
8.8077E+12
880813
880816
880818
88082
880823
880825
880826
880828
880911424
880912
880918
880920
880921
880924
880928
881001
881002
881007
88101
881010
881011
881012
881013
881014
881016
881017
881018
881019
88102
881020
881021
881022
881023
881024
881025
881026
881027
881028
881029
881030
881031
881101
881103
881106
881108
881110
881112
881113
881114
881115
881117
88112
881120
881121
881122
881123
881124
881125
881125881125
881126
881127
881129
881130
881204
881206
881208
881209
88121
881210
881211
881212
881213
881214
881215
881216
881217
881218
881219
88122
881220
881221
881223
881224
881225
881226
881227
881228
8812345
881698
8822320
8828383
8830137a
8834796
884813
88488848
885522
8866810635956388
886688
886868
886886
886886886
88723043
88771024
887766
888
888000
888168
888666
888777
8888
88886666
88888
888888
8888888
88888888
888888888
8888888888
888888889
88888a
88889999
888999
88982866
889900
889988
88998899
890125
890126
890211
890308
890316
890419
890722
890890
891004
89101
891013
891014
891015
891019
89102
891022
891023hh
891025
891026
891027
891106
891107
89112
891121
891122
891123
891124
891125
891126
891128
891129aaa
891130
8911852
89121
891217
891221
891226
891229
892888
895623
896352639
89757
8975789757
898600
898989
89898989
8dp2evCWNH
8dp2evCXNH
8dp2ewCXNH
8dp2fvCWNH
8en2ewCXPI
8en3dwDXPI
8x2h4Eddan
8x2h4Fccap
8x2h4Fddap
8x2h4Gcc9q
8xxg3Hcb9r
8xxg3Hcc9r
8xxg4Gcc9q
901019
902902
904139
90909
909090
90909090
90931
911119
911911
911911911
912401
917364
918918
918918918
922h4Eddan
922i4Ceebk
922i4Ddebm
922i4Deebk
922i4Deebm
922j5Befcj
922j5Cefcj
9233923
923923
925925
926926
928928
929929
932313
951357
9514
951753
951753852
951753951753
951951
951ljb753
9527
95279527
9595
959595
95to59
961016
96111111
962464
963
96321478
963214785
963258
963258741
963369
9638
96385
963852
96385274
963852741
9638527410
963963
963963963
967683579
969696
96969696
9701202544
970227
971110
97404158
979899
980099
98188729
987
987123
987321
98741236
987412365
987456
987456321
98752100
98765
987654
987654123
98765432
987654321
9876543210
9876543211
987789
987987
987987987
989898
98989898
990609
990708
991220
99212213
992309
996633
998877
99887766
998998
998998998
999
999000
999111
999666
999888
999888777
9999
99990000
99998888
99999
999999
9999999
99999999
999999999
9999999999
9em3dwDYPI
9en3dwDYPI
9YUE27RI
a00000
a000000
a0000000
a00000000
a0123456
a11111
a111111
a1111111
a11111111
a123123
a123123123
a123123a
a123321
a12345
a123456
a123456.
a1234567
a12345678
a123456789
a1234567890
a123456a
a123456b
a123a123
a123b123
a123s45
a1314520
a1314521
a147258369
A147258369
a1955426
A1A1A1A1
a1a2a3a4
a1b2c3
a1b2c3d4
a1b2c3d4e5
a1s2d3f4
A1S2D3F4
a1s2d3f4g5
a22j5Bffci
a22j5Bffcj
a33j5Afgci
a33j5Afgdi
a33k5Afgdh
a33k5zfgdh
a33k5zggdg
a33k5zggdh
a33k5zghdg
a520131
a5201314
a520520aa
a5211314
a600110a
a654321
a7758258
a7758521
a7CkuntLDy
a88888888
a89400ab
A987654321
aa000000
aa111111
aa112233
aa123123
aa123321
aa1234
aa12345
aa123456
Aa123456
aa123456789
aa5201314
aa6528028
aaa
aaa000
aaa111
aaa111111
aaa123
aaa123123
aaa12345
aaa123456
aaaa
aaaa0000
aaaa1111
AAAA1234
aaaaa
aaaaa11111
aaaaaa
aaaaaa11
aaaaaa111
aaaaaa123
aaaaaaa
aaaaaaaa
aaaaaaaaa
aaaaaaaaaa
aaaaaAAAAA
aaaaaaaaaaa
aaaaaaaaaaaa
aaaaaaaaaaaaaaaaaaaa
aaaabbbb
aaaassss
aaabbb
aaabbbccc
aaabcabc
aaasss
aaasssddd
aabbcc
aabbccdd
aassdd
aassddff
ab12345
ab123456
abc
abc111111
abc112233
abc12
abc123
abc123!@
abc123123
ABC123123
abc123321
abc1234
abc12345
abc123456
ABC123456
abc1234567
abc12345678
ABC12345678
abc123456789
abc123abc
abc123abc123
abc147258
abc5201314
abc654123
abcabc
ABCABC123
abcabcabc
abcd
abcd123
abcd1234
Abcd1234
abcd12345
Abcd12345
abcd123456
abcd123456789
abcdabcd
abcde
abcde123
abcde12345
abcdef
abcdef123
abcdef123456
abcdefg
abcdEFG
abcdefg123
abcdefgh
abcdefghi
abcs369
abwdxwtz
ac123456
access
accpaccp
acmilan
ad123456
adgjm
.ADGJM
adgjmp
adgjmptw
.adgjmptw
Adgjmptw
adidas
adidaspk
admin@1
admin123
admin12345
admin369
admin888
adminadmin
administrator
admintus
ai123456
ai5201314
aidejiushini
aini123
aini131
aini1314
aini520
ainibubian
ainiyibeizi
ainiyisheng
ainiyiwannian
aishangni
aishangwj979
AISU1314
aiwobiezou
Aiwosuoai
aiziji
aiziJI
aiziji1314
alexander
always
amilne0410
amp12345
amuqdedwft
anainima
angela
another
anycall123
ApjRppM844
ApjSqpM844
apple123
appleapple
april0713
aptx4869
as12345
as123456
AS123456
asasas
asasasas
asd
ASD12
asd123
ASD123
asd123123
asd123321
asd12345
asd123456
ASD123456
asd123456789
asd123asd
asd123asd123
asd147258
asd456
asdas
asdasd
asdasd123
asdasd33
asdasdasd
ASDASDASD
asdasdasdasd
asddsa
asdf
asdf!@#$
asdf123
asdf1234
asdf12345
asdf123456
asdf4321
asdfasdf
asdfasdfasdf
asdffdsa
asdfg
asdfg123
ASDfg123
asdfg12345
asdfgh
asdfgh123
asdfghj
asdfghjk
asdfghjkl
asdfghjkl;
asdfghjkl;'
ASDFGHJKL
ASDFGhjkl123
ASDFGHJKL123
asdfjkl
asdfjkl;
asdfqwer
asdfzxcv
asdqwe123
asdzxc
asdzxc123
aspirine
autoexec
autumn
AVM6Ubdunj
axs8873w
a-z0-9
az123456
azazaz
azsxdcfv
azxcvbnm
B123456
b123456789
b14b03
b33k5ygheg
b33m6yghef
b43m6xhiee
b43m6xhife
b43n6whifd
b6DjvmsKCx
b7CjumsKDy
babamama
BABAMAMA
baggio
bai18dudu
baidu1599
baishikele
bakhn524d
baobao
baobao520
baobao521
baobei
baobei520
baobei521
baobeibuku
basketball
batistuta
bb123456
bbbbbb
bbbbbbbb
bbscsdnnet
bc987654
beautiful
beckham
beibei
beijing
beijing2008
benben
benjamin
benq*edifer
beyond
bhyf123
binbin
bingbing
bj2009
bj2010
bluesky
boranjing
boshigangchang
BqjTqqN844
BqkTqqN844
BqkTrqN844
bugaosuni
BUGAOSUNI
BUL5Tactmi
BUL5Tacumi
burni101
butterfly
buzhidao
by7704566
c120696363520
c123456
c1234567
C12345678
c123456789
c43n6whifd
c44n6vijfc
c44n6vijgc
c44n6whjfd
c44p7uijgb
c54p7uikgb
c54p7xjkga
c6DjvmsKCx
c6EiwmrJCx
caocao
caocaocao
caonima
caonima123
caonimabi
caonimade
caonimama
capslock
casablanca
CATHERINE
cazzo1001
cc123456
cccccc
cccccccc
ccjjbbinsert
ccll99
cctv123
ccwang
cd123456
cet333333
cfxtdcom
cgf198896
change
changjiang
chaochao
chen
chen123
chen1234
chen123456
chenchao
chenchen
chencheng
chendong
chenfeng
cheng123
chengang
chengcheng
chenggong
CHENGLONG
chenhao
chenjian
chenjie
chenjing
CHENJING
chenlei
chenliang
chenlong
chenming
chenpeng
CHENRUI
chenwei
chenxiao
chenyang
chenying
chenyong
chenyu
chenzhen
cherry
china123
china2008
china6815
chinaren
chinaunix
chinese
chocolate
chonger
choupiwang
christina
chunchun
cin123
cinderella
cisco123
clens21563sf
cm38??
cn835312
cndkervip
cnforyou
code8925
com
.com
comeon
comeonbaby
command
compaq
computer
confidence
config
congcong
congratulate
CrkUrrP954
CrmVsrQ955
CrmVssQ955
crystal
cs123456
csdn1234
csdn123456
csdn2010
csdncsdn
csdnmima
csdn.net
CTK4Sabtmi
CTL5Sactmi
CUL5Tactmi
cyq721225
d123456
d54p7xjkha
d54q7xjmhx
d54q7xkmhx
d54q7xkmix
d55q72kmix
d6EiwkrJBw
d6EiwkrJBx
d888888
daijin
DAMINGQI88
dandan
dandan520
dangerous
dangyuan
daniel
Daniel
DD123456
dddddd
DDDDDD
ddddddd
dddddddd
ddddddddd
dddddddddd
dddnnn
ddzj39cb3
ddzj39cd9
dearbook
dedede
dedewang
deeven
delphi2009
detective
df000000
dfdfdf
dfdfdfdf
dg123456
dgdg7234322
dh123456
diablo
diandian
diank123
dingdang
dingding
dircls
dirdir
dirdirdir
dldldldl
dlktwdyl
dongdong
dongfang
dospy
doudou
download
dragon
DRAGON
ds760206
dsd998
DSJ4R9bskh
DSK4R9bskh
DsmVssQ955
DsmWssR955
DsnWttRa65
duibuqiwoaini
duoduo
e5FhxkqIAw
e5FhxkqIBw
e5FhykqIAw
e65r82kni2
e65r82knix
e65r82mnj2
e65r82mpj2
e65s83mpj2
e65s83mpj3
edison
EDISON
eeeeee
eeeeeeee
eillen880312
Einstein
eladnbin1104
emi^kinki1979
english
ericsson
ERJ3Q9askh
ESJ3R9bskh
ESJ4R9bskh
EtnXtxSa65
evangelion
f123456
f12345678
f123456789
f19841205
f246865h
f5GhyjqHAv
f75s83nqk3
f76s93nqk3
f76t93nqk3
f76t94prm4
f918918
fa1681688
family
fanfan
fangfang
fangyuan
fantasy
fashion@000
fdsafdsa
feifei
feifei123
feifei520
feifeifei
feixiang
feizhuliu
feng123456
feng19831
fengfeng
fengling
fengxiaofeng
fengyun
ff123456
ffffff
fffffff
ffffffff
fffjjj
fighting
fksdde7039
flower
flying
flyinsky
football
forever
foreverlove
forget
format
format1094
FQI3P8arjg
freedom
FREEDOM
frenzy673954
FRI3Q9arjg
friend
fs1234
FtpYuxTa65
fuckfuck
fuckyou
fuckyou123
FupYuxTa66
FupYuxTb66
FupZuxUb66
Fuyume123
fuyun6060
fy641213
g123456
g4HgzjpGzu
g4HgzjpGzv
g4HgzjpHzv
g76t94prm4
g76u94prm4
g86u94prm4
g86u94psn5
g86ua5qsn5
gameover
gao123456
gaoxiang
genius
gertydrj
gfgfgf
gg123456
ggg111
gggg1111
gggggg
ggggggg
gggggggg
gjxhsgjxhs
gogogo
gogogogo
GONZO1982
goo78leeg
goodgood
goodluck
google
google250
googletester
goyj2010
GPH2N89qig
guaiguai
gujinbiaoaa
gundam
guo123456
guo150
guoguo
guoguoguo
guoliang
GupZuxUb76
GupZvxUb76
GvqJvxVb76
GvqZvxUb76
h123456
H1234567
h12345678
h123456789
h123698745
h4HgAipGzu
h4IfAinGyu
h4IfAinGzu
h87va5qsn5
h87va5qtp5
h87va5qtp6
h87va5rtp6
h97va6rtp6
h97wa6rup6
h97wa6ruq6
h987654321
hacker
haha1234
hahaha
Hahaha
hahahaha
haiyang
hamasaki
han123456
handsome
HANDSOME
hanhan
hao123
hao12345
hao123456
hao123.com
hao456250
haohao
haohaohao
haohaoxuexi
happiness
happy
happy123
happy12345
HAPPYBOY
happyday
happyhappy
harrypotter
hathaway
he123456
hehehehe
heihei
hello
hello123
hello1234
hellohello
hellokitty
helloworld
hengcomt
hh123456
hhhhhh
HHHHHH
hhhhhhh
hhhhhhhh
HHHHHHHH
hhxxttxs
hj123456
Hk336699
hld_1209
honghong
hongkong
hopehope
hotmail
howareyou
HPG2N89qif
HPH2N89qif
hs12341234
ht123456
hu123456
hu1990
huahua
huahuahua
huaihuai
huang
HUANG
huang123
huang123456
huang520
huanghao
huanghua
HUANGHUANG
huanghui
huangjia
huangjian
huangjie
huangjing
huanglei
huangtao
huangwei
huangxin
huangyan
huanhuan
Huanhuan
huanjue321
huanxiang
huanying
huihui
HUIHUI
HUIYUANAI
hulinbing
hunter
huyunqiao
HvqJvxVb76
HwqIwxWc76
HwrIwxWc76
hxy123456
hy123456
hyjzstx8
i4IfBinFyu
i4JfBinFyt
i97wb6sxq7
i98xb6sxq7
i98xb7sxr7
ia8xb7sxr7
ia8xb7txr8
iamthebest
ihateyou
iiioookl
ilove32
ilovechina
ilovecsdn
ilovethisgame
iloveu
ILOVEYO
iloveyou
ILOVEYOU
iloveyou123
iloveyou1314
ILOVEYOU1314
iloveyou520
iloveyou521
IMFxM78phf
imissyou
index0088
INFxM78phf
ingtake1
INGxM78phf
INGxM89pif
internet
inzaghi
itlv20
iverson
IwrHw2Xc87
IwrIwxWc87
IxrHx2Xc87
j123456
j123456789
j2mv9jyyq6
j3JeChmExt
j3JeChmFxt
j3ZeChmExt
ja8xb7txr8
ja8yc7txs8
ja8yc8txsx
ja8yc8uxsx
jack123456
jackie
jackjack
Jackson
jasajasa
jasmine
jason123
jasonjason
javajava
javascript
jaychou
jb85811510
jdheh421
jessica
jessie
jfjscy8767
jia123456
jiajia
jiajia520
jiajiajia
jiandan
jiandanai
jianfei000
jianfeng
jiang
jiang123
jiangfeng
jianghui
jiangjiang
jiangjun
jiangnan
jiangtao
jiangwei
jianjian
jianqiang
jianqiao
jiaojiao
jiarenqb
jiayou
jiejie
jin123456
jingjin
jingjing
jinjin
jintian
jiok98001
jisuanji
jiubugaosuni
jiushiaini
jiushini
jiushiwo
JIUSHIWO
jj123456
jjjjjj
jjjjjjj
jjjjjjjj
jkljkljkl
JMFxL78nhe
JMFxL78phe
jordan
jordan23
juanjuan
juese8
junjun
JUNJUN
justdoit
justlike
juventus
JxsGx2Yd87
JxsHx2Xc87
jylk1314
JysGy2Yd87
k123456
k1234567
k3ZeChmExt
k3ZeDhmExs
kaikai
kaixin
KANGKANG
kangta
kb9Ad9v2ux
kb9Ad9vxux
kb9zc8uxtx
kb9zc9vxtx
kb9zd9vxtx
killer
kimi1015
kimi666
kimi920
kimi930
kimikimi
kingcom5
kingking
kingsoft
kisskiss
kissme
kissyou
kk123456
kk413200
kkk52789
kkkkkk
kkkkkkkk
knight
kobebryant
kuaile
kulooo
kxtn888cn
KytFy2xd97
KytFy2xd98
l123456
l1234567
l12345678
l123456789
l23456789
lalalaLA
lanlan
lantian
laogong520
laogongwoaini
laopo520
laopo521
laopowoaini
lavender
lb851210
lechengwang
legend
leilei
lenovo
LENOVO
leslie
letmein
lezhi
li123456
li5201314
li7xi9bgn
liang123
liangliang
liangwei
liaoliao
lichao
lijian
lijing
liliang
lililili
lilingjie1102
lilylily
limeng
liming
lin123
lin123456
LIN123456
linda628
lingfeng
lingling
lingLing
ling-sheng
linjiang
linlin
linrk520
linxing7778
LionkinG
liqian
liqiang
lishuai
lishuang
little
liu123
liu12345
liu123456
liu5201314
liuchang
Liuchang
liufeng
liuhuan
liujia
liujian
liujianliu
liujie
liujing
liujun
liukai
liuliang
liuliu
liuliuliu
liuqiang
liuwei
liuxiang
liuxing
liuyan
liuyang
liuying
lixiang
lixiaolong
lixy12345678
liyang
liying
lj123456
lkjhgfdsa
ll123456
llllll
llllllll
lmj12345
long123456
longlong
love
love123
love1234
love123456
love1314
Love2008
love520
love5201314
LOVE521
loveforever
lovejing
lovelove
lovely
loveme
lovemyself
loveyou
loveyou1314
lp123456
lr1028829
lssy123
lu123456
luo123456
lv80066368
lwxlwx
lx123456
lxl72z
lxm128czsc
lxqqqqqq
ly123456
LztEz2xe98
LzuDz2xe98
LzuEz2xe98
m12315309
m123456
m1234567
m12345678
m123456789
m2YdEgkDws
m3YdDgkDws
m3YdDhkDws
ma123456
mac123456
maggie
magictx
maidoumaidou
mainmain
majiajun
majiajun8888
makelove
mamawoaini
maomao
maomao123
maomao520
maomaomao
maozedong
mars@)
master
matianyu
MAuCA32fa8
MAuDA32ea8
MAuDA3xea8
MAvCA32fa8
mb9Ad9v2ux
mc9Ad9v2ux
mc9Ad9w2ux
mcaBdaw2vx
mcaBeaw2vx
meimei
meimima
meiyou
meiyoumima
menghuan
mengmeng
mengxiang
mhh123456
miaomiao
MIAOMIAO
michael
michelle
MICHELLE
micky06040125
microsoft
midouli
mima123
mima1234
mima123456
mimacuowu
mimamima
mingming
mingtian
minmin
missyou
mm108428
mm123456
mm5201314
mmmmmm
mmmmmmmm
mnbvcxz
molihe
monkey
motorola
mrf11277215
ms0083jxj
ms0123456
msconfig
mtyy28
my123456
mylove
mypassword
n2XcFgjCvr
n2XdEgkDwr
#NAME?
nannan
napoleon
NBvBB32fa9
NBvCA32fa9
ncaBeax2vx
ncaBeax2wx
nclpf2p4
ndaCeax2wx
ndaCebx2wx
ndbCeby2xx
nevergiveup
newhappy
newmj2009tp
niaishui
niaiwoma
nicholas
nihao123
nihaoa
nihaoma
nihaoma123
nihaonihao
nihaoya
nimabi
ningning
nintendo
nirvana
nishigou
nishishui
nishiwode
nishiwodeweiyi
nishizhu
niuniu
nnnnmmmm
nnnnnn
NNNNNNNN
no1444888
nopassword
nothing
nsnsnsns99
nuttertools
nxa1024
o0o0o0o0
ok123456
okokok
okokokok
oookkk
OOOO0000
oooooo
oooooooo
opendoor
operation
opopop
oracle
orange
p0o9i8u7
p2WcFfjCvr
p2XcFgjCvr
panasonic
panpan
paradise
Pass1234
passpass
passport
passw0rd
Passw0rd
password
Password01!
Password1
password123
password888
PCwAB32gb9
PCwAC33gb9
pdbDeby2xx
pdbDfby2xx
pebDfcy3xx
pebDfcz3yx
pebEfcz3yx
pengpeng
philips
phoenix
pingping
playboy
pointjor
poiuyt
poiuytre
poiuytrewq
pojaablog
pok29q6666
pp123456
pppppp
pppppppp
princess
P@ssw0rd
putao0919
Q00000
q00000000
q11111
q111111
q1111111
q11111111
q123123
Q123123123
q12345
q123456
q1234567
q12345678
q123456789
Q123456Q
q13579p
q1q1q1q1
q1w2e3
q1w2e3r4
q1w2e3r4t5
Q1W2E3R4T5
q2WcGfjBuq
q5201314
q80800214
qawsedrf
qaz
qaz123
qaz123123
qaz12345
Qaz12345
qaz123456
QAZ123456789
qaz123qaz
QAZ123WSX
!QAZ2wsx
qaz741
qazedc
qazhuang123
qazqaz
qazqaz123
qazqazqaz
qazws
qazwsx
qazwsx12
qazwsx123
qazwsx1234
qazwsx123456
qazwsxed
qazwsxedc
qazwsxedcrfv
qazwsxqaz
qazxcvbnm
qazxsw
qazxsw123
qazxswedc
QCwzC33gb9
QDxyD43gba
QDxzC43gba
QDxzD43gba
qebEfcz3yx
qecEgdA3zx
qfcFgdA3zx
qiangqiang
qianqian
QIAOqiao
qifeng
qingfeng
qingqing
QINGQING
qingtian
qiujingni
qkvmlia569
qkvpoia569
qq00000
qq000000
qq0000000
qq111111
qq112233
qq123123
qq123321
qq1234
qq12345
qq123456
qq1234567
qq12345678
qq123456789
qq123654
qq1314520
qq3200
qq520131
qq5201314
qq520520
qq7758258
qq7758521
qqaazz
@qq.com
qq.com
qqq
QQQ
qqq000
qqq111
qqq11111
QQQ111222
qqq123
QQQ123
qqq123456
qqq222
qqqaaazzz
qqqq
qqqq1111
qqqq1234
QQQQ1234
qqqqq
qqqqqq
qqqqqq11
qqqqqqq
QQQQQQQ
qqqqqqqq
qqqqqqqqq
QQQQQqqqqq
QQQQQQQQQQQQQQQQQQQQ
qqqqwwww
qqqwww
qqqwwweee
qqww2288
qqwwee
QQWWEE
qqwweerr
qunimade
qw123456
qwaszx
qwaszx12
qwaszx123
qwe
qwe100200
qwe12
qwe123
qwe123!@
qwe123123
qwe12345
qwe123456
qwe123456789
qwe123asd
qwe123qwe
qwe123qwe123
qwe300100
qweasd
qweasd123
qweasdzxc
qweewq
qweqwe
qweqwe123
qweqweqwe
QWEQWEQWE
qwer
qwer123
qwer1234
qwer12345
qwer123456
qwer4321
qwerasdf
QWERFDSA
qwerqwer
qwerrewq
qwert
qwert123
qwert12345
qwertasdfg
qwerty
QWERTY
qwerty12
qwerty123
qwerty123456
qwertyu
qwertyui
qwertyuio
qwertyuiop
qwertyuiop[]
QWERTYUIOP
qwertyuiop123
qwqwqw
qwqwqwqw
qxVbGfiBuq
qxWbGfiBuq
qyahzn
qzfft1
rabbit
rainbow
RDxyD43hca
remember
RExyD43hca
REyxE44hca
rfcFgdA3zx
rfcFgdB3Ax
rfcFgeB3Ax
rfcGgeB3Ax
rfcGgeB3xx
rgdGheB4xx
richard
rilidongl
rongfan66
rongrong
rrrrrr
rrrrrrrr
rui100
rxVbHfiAuq
rxVbHfiBuq
s123456
s1234567
s12345678
s123456789
s1t2o3n4
s2j3l9v5
saiban
sakura
samleiming
samsung
sasasasa
sb987654321
sd123456
sdfsdf
sdfsdfsdf
sdsdsdsd
secret
selina
seoshiyan
server
SEyxE44hca
SFywE44icb
sgdGheC4x2
sgdHhfC4x2
sgdHhfD4x2
sh123456
shadow
shanghai
SHANGHAI
shangxin
shanshan
shasha
shengyulan
shenshen
shenyang
shenzhen
sherry
sheshe
shevchenko
shinco
shinhwa
shiqunxin
shirley
shmily
shoujiqb
showme
showmethe
shuaishuai
shuang
shuangshuang
shuchang
shuijing
shuxin
@sina.com
sisiaijun1314
sjdf2ghjt
slamdunk
snoopy
software
songaideng
songguang
songsong
songyang
sophia
spring
ss123456
ssssss
SSSSSS
ssssssss
sssssssss
stefanie
steven
storyofall
student
success
suibian
summer
sun123456
sunday
sunflower
sunshine
sunsunsun
sunv819
sunyanzi
superman
superstar
supervisor
support123
suzhou@562718
swallow
sxa029589
sxg007007
sxUaIehAtp
sxUaIehztp
syd495273
system
sz123456
t123456
T123456789
tangkai
tangkay
tangtang
taotao
taotaotao
tblkspthkr
test1234
testtest
TFzvF54idb
TFzwF44idb
tgbujm
TGzvF55idb
thankyou
theIifD4x2
theIigD4x2
theIigE4x2
theJigE4x2
thinking
thinkpad
tHTaJehzsp
tiancai
tiancai123
tiankong
tianshi
tiantang
tiantian
tianxia
tianya
tianya123
tianyaclub
tianyashequ
tianyuan
tingting
tIT9Jdgzsn
TMXUKTKE
tomorrow
tongtong
toshiba
tqtwffgcc
tsinghua
tt123456
ttg451884829
tttttt
TTTTTTTT
ty123456
tzwadmin123
u88sms
UGAuG55jdb
UHAuG55jec
uieJigE5x2
uieJjhE5x2
uifJjhF522
uifKjhF522
uIS9Zdgysn
uJS9Zdgyrn
uweihai001
verygood
VHAtG55jec
VHBtH55jec
VIBsH56kec
vicekw
victor
victory
vifKjhF522
vivian
vjfKjiG522
vjfLkiG522
vjgLkiG522
vJR8Ydfyrm
vJS9Zdgyrn
VVVVVV
vvvvvvvv
vZR8Ydfxrm
w111111
w12345
w123456
W123456
w1234567
w12345678
w123456789
w5201314
wabjtam
waini1314
wan0425
wan1314
wang
wang123
wang1234
wang123456
wanG123456
WANG123456
wang1987
wang1989
wang4040955
wang520
wangbadan
wangbin
wangbing
wangchao
wangchen
wangcheng
wangdong
wangfang
wangfei
wangfeng
wanggang
WANGGANG
wanghao
wanghong
wanghuan
wanghui
wangji
wangjia
wangjian
wangjie
wangjin
wangjing
wangjun
wangkai
wangle
wanglei
wangli
wangliang
wanglin
wanglong
wangmeng
wangming
wangning
wangpeng
wangping
wangqi
wangqian
wangqiang
wangqing
wangrui
wangsheng
wangshuai
WANGSHUAI
wangtao
wangting
wangwang
wangwei
wangxiang
wangxiao
wangxiaokun
wangxin
wangxing
wangxu
wangyan
wangyang
wangyi
wangyin
wangying
wangyong
wangyu
wangyuan
wangyut2
wangzhen
wangzheng
wanshuai198202
wasdwasd
wd123456
weblogic
wei123456
weiccg
weishenme
weiwei
weiwei123
weiwei520
weiwei521
weiweiwei
weiyu371
welcome
welcome1
wen123456
wenwen
westlife
wh31416
whbs2234
whoami
whoareyou
whosyourdaddy
WIBsH56kec
WICrI66kfc
WICsI66kfc
wiii2dsE
wiiisa222
william
windows
windows1
windows123
windows2000
windows98
windowsxp
wingzero
winner
winter
wj123456
wjgMkjH623
wjq19820207
wjsswj
wkgMkjH623
wkgMmjH623
wkgMmjI623
wl123456
wltg2010
wo123456
woaibaobao
woaideren
woailaopo
woaimama
woain
woaini
woaini00
woaini11
woaini12
woaini123
woaini123456
woaini131
woaini1314
WOAINI1314
woaini1314520
woaini2008
woaini3344
woaini52
woaini520
woaini520131
woaini5201314
woaini521
woaini5211314
woaini88
woainia
woainiaa
woainilaopo
woainilj
woainim
woainima
woainimama
woainiwoaini
woainiWOAINI
woainiya
woaishui
woaiwo
woaiwoji
woaiwojia
woaiwolaogong
woaiwolaopo
woaiwoziji
woaiziji
wobuaini
wobuzhidao
wocaonima
wode2009
wodeai
wodeai123
wodemeng
wodemima
wodemingzi
wodeshijie
wodezuiai
wohenaini
wohenhao
wohenni
wojiushiwo
WOJIUSHIWO
wokaonima
wokuang
womendeai
wonderful
wopianbuai
worinima
workhard
woshi123
woshihaoren
woshiniba
WOSHINIBA
woshinibaba
woshinidaye
woshinidie
woshinima
WOSHINIMA
woshiren
woshishei
woshishen
woshishui
woshitiancai
woshiwo
woshiwo123
woshizhu
WOWANGLE
wowowowo
woxiangni
woxihuan
woxihuanni
wozhiaini
wpqAfc308Xecon
wq123456
WQ123456
wqepqkcg
ws123456
wsadwsad
wsky0o0o0o
wsxedc
wu123456
wushuang
ww111111
ww123456
www
www.
www123
WWW123
www12345
www123456
www.163.com
www.51.com
www5201314
www.baidu.com
www.csdn.net
wwwrrr
wwwswcy588
wwwwww
wwwwwwww
WWWWWWWW
wwwwwwwww
wwwwwwwwww
wx123456
wy123456
wZQ8Xcfxqm
wZR8Ycfxrm
x123456
x1234567
x12345678
x123456789
x1e6h6
x3561668
x7AxsnuMEz
x7BktntLDy
x7BktntLEz
x7BxtntMEz
x8AxspuMEz
x8AxspuMFz
xem3cxDYQJ
xem3cxEYQJ
xfk3bxEZQJ
xfk3bxEZRJ
xfk3cxEZQJ
xfx3ayFJRK
xgx39yGISL
xgx39zGISL
xgx3ayFJSK
xgx48zGITL
xh246AIGUN
xh247AHGUM
xh247AHHTM
xh247AHHUM
xh248zHHTM
xi344BJEWP
xi345BIFVN
xi345BJFVP
xiangni
xiangxiang
xiangxinziji
xianjian
XIAO
xiao123456
xiaobai
xiaobao
xiaobing
xiaobudian
xiaodong
xiaofang
xiaofei
xiaofeng
xiaogang
xiaohai
xiaohong
xiaohua
xiaohui
xiaohuo123
xiaojian
xiaojie
xiaojing
xiaojun
xiaokun
xiaolei
xiaoli
xiaoliang
xiaolong
XIAOMEI
xiaomin
xiaoming
xiaopang
xiaopeng
xiaoping
XIAOQI
xiaoqian
xiaoqiang
xiaoqing
xiaotian
xiaowei
xiaoxi
xiaoxia
xiaoxiang
xiaoxiao
xiaoxin
xiaoxiong
xiaoxue
xiaoy
xiaoya
xiaoyan
xiaoyang
xiaoyao
xiaoying
xiaoyong
xiaoyu
xiaoyuer
xiaozhang
xiaozhu
xiazhili
xihuanni
xingfu
xingxing
xinxin
xinxin13d
xixihaha
xj123456
xj344CJEWP
xj452DxDXQ
xj453CxDXQ
xj453CxEWQ
xj454CxEWQ
XJCqJ66mfd
XJCrI66kfd
XJDqJ67mfd
xjxj
xk45xDxCYR
xk55xDxCYR
xk55xExBZS
xkgNmkI633
xkhNmkI633
xl123456
xm55xExBZS
xmhNmkI633
xmhNmkJ633
xmhPnkJ633
xu123456
xuanxuan
xunleili
xx123456
xxm111
xxwwan1314
xxxxxx
xxxxxxxx
xy123456
xYP7Wcewqk
xYQ7Xcewqk
xz123456
y123456
y1234567
y123456789
y66y88
yaho982er
@yahoo.cn
@yahoo.com.cn
yan123
yan123456
yang
yang123
yang1234
yang123456
yang520
yangchao
yangcheng
yangfan
yangfeng
yangguang
yangjian
yangjie
yangjing
yangming
yangning
yangpeng
yangyan
yangyang
yangyang521
yangyong
yanjing
yanyan
yaoyao
ybnkoia569
ye123456
yellow
yesterday
yingying
yishengyouni
yj2009
YKDpJ67mgd
YKDpK67mgd
YKDqJ67mfd
ykvpoia569
ymhPnmJ733
yn820406
yniQnmK733
yongheng
yongyuan
yongyuanaini
you188
youaifa569
youandme
youkofa569
youyou
yskj33333
yu123456
YU123456
yuan1234
yuanyua
yuanyuan
yueyue
yuyang
yWa74b
yx12345678
yxd789321
yXP7Wbewpk
yXP7Wcewpk
yxqs90999
yy123456
YY123456
yyyyyy
yyyyyyyy
z0000000
z1111111
z11111111
z1122334455
z1231231
z123123123
z12345
z123456
z1234567
z12345678
z123456789
z159357
z3255500
z3261678
zaglylc369
zaiwa1124
zaq123
zaq12345
zaq123456
zaq12wsx
zaq1xsw2
zaqwsx
zaqwsx123
zaqwsxcde
zaqwsxzxc
zaqxsw
zaqxswcde
zc123456
zcwdclqscll
zero696295
zf526546543
zh123456
zhang
zhang123
zhang1234
zhang123456
zhang1986
zhang198614
zhang1987
zhang1988
zhang520
zhang521
zhangbin
zhangbo
zhangchao
zhangchen
zhangcheng
zhangdong
zhangfan
zhangfei
zhangfeng
zhanghan
zhanghao
zhangheng
zhanghong
zhanghu
zhanghua
zhanghuan
zhanghui
zhangjia
zhangjian
zhangjie
ZHANGJIE
zhangjin
zhangjing
zhangjun
zhangkai
zhangkun
zhangle
zhanglei
zhangli
zhangliang
ZHANGLIANG
zhanglin
zhangling
zhanglong
zhangmeng
zhangmin
zhangming
ZHANGMING
zhangnan
zhangning
zhangpeng
zhangqi
zhangqian
zhangqiang
zhangqing
zhangrui
zhangshuai
zhangtao
zhangwei
zhangwen
zhangxiang
zhangxiao
zhangxin
zhangxu
zhangxue
zhangyan
zhangyang
zhangyao
zhangyi
zhangying
zhangyong
zhangyu
zhangyuan
zhangyue
zhangyun
zhangzhang
zhangzhen
zhangzheng
zhanshen
zhao123456
zhaodong
zhaojing
zhaoming
zhaopeng
zhaoyang
zhaozhao
zhendeaini
ZHENDEAINI
zhenzhen
zhimakaimen
zhongguo
zhonghua
zhongnan
zhou1234
zhou123456
zhouazhou
zhoufeng
zhoujian
zhoujielun
zhouwei
zhouyang
zhouying
zhouzhou
zhu123456
zhuang
zhuzhu
zhuzhu520
zhuzhuzhu
zj123456
ZL123456
ZLEnK77nge
ZLEnL78nge
ZLEpK77nge
zniQpnK733
zniQpnL733
zniRpnL744
zoo-1573
zouyong
zpiRpnL744
zq123456
zsj201006
zw123456
zWN6Vbdvnj
zWN6Vbdvpj
zx123456
ZX123456
zxasqw12
zxc
zxc123
zxc123123
zxc12345
zxc123456
zxc123zxc
zxcasdqwe
zxcv1234
zxcv123456
zxcvb
zxcvb123
zxcvbn
zxcvbnm
zxcvbnm,
zxcvbnm,./
zxcvbnm0
zxcvbnm1
zxcvbnm12
zxcvbnm123
zxcvbnm123456
zxcvbnma
zxcvbnmasd
zxcvbnml
zxcvbnmm
zxcvbnmz
zxcvbnmzxcvbnm
zxcvzxcv
zxczxc
zxczxczxc
zxzxzx
zxzxzxzx
zy123456
zycggytkqb
zyj123456
zz123456
ZZ123456
ZZZ
zzz123456
zzzxxx
zzzz1111
zzzzxxxx
zzzzz
ZZZZZ
zzzzzz
zzzzzzz
zzzzzzzz
zzzzzzzzz
ZZZZZZZZZZ

